1 1.3455762153177873e-09 1.3455762153177873e-09 3.7686787574428753e-06 3.7686787574428753e-06 1.6854043774003423e-05 1.6854043774003423e-05 3.258093650866659e-05 3.258093650866659e-05 0.007305622100830078
2 1.3455762153177873e-09 1.3455762153177873e-09 3.7686787574428753e-06 3.7686787574428753e-06 1.6854043774003423e-05 1.6854043774003423e-05 3.258093650866659e-05 3.258093650866659e-05 0.004772663116455078
3 1.3455762153177873e-09 1.3455762153177873e-09 3.7686787574428753e-06 3.7686787574428753e-06 1.6854043774003423e-05 1.6854043774003423e-05 3.258093650866659e-05 3.258093650866659e-05 0.004660606384277344
4 1.3455762153177873e-09 1.3455762153177873e-09 3.7686787574428753e-06 3.7686787574428753e-06 1.6854043774003423e-05 1.6854043774003423e-05 3.258093650866659e-05 3.258093650866659e-05 0.005364894866943359
5 1.3455762153177873e-09 1.3455762153177873e-09 3.7686787574428753e-06 3.7686787574428753e-06 1.6854043774003423e-05 1.6854043774003423e-05 3.258093650866659e-05 3.258093650866659e-05 0.0045506954193115234
6 1.3455762153177873e-09 1.3455762153177873e-09 3.7686787574428753e-06 3.7686787574428753e-06 1.6854043774003423e-05 1.6854043774003423e-05 3.258093650866659e-05 3.258093650866659e-05 0.005462169647216797
7 1.3455762153177873e-09 1.3455762153177873e-09 3.7686787574428753e-06 3.7686787574428753e-06 1.6854043774003423e-05 1.6854043774003423e-05 3.258093650866659e-05 3.258093650866659e-05 0.004723072052001953
8 1.3455762153177873e-09 1.3455762153177873e-09 3.7686787574428753e-06 3.7686787574428753e-06 1.6854043774003423e-05 1.6854043774003423e-05 3.258093650866659e-05 3.258093650866659e-05 0.004447221755981445
9 1.3455762153177873e-09 1.3455762153177873e-09 3.7686787574428753e-06 3.7686787574428753e-06 1.6854043774003423e-05 1.6854043774003423e-05 3.258093650866659e-05 3.258093650866659e-05 0.004490852355957031
10 1.3455762153177873e-09 1.3455762153177873e-09 3.7686787574428753e-06 3.7686787574428753e-06 1.6854043774003423e-05 1.6854043774003423e-05 3.258093650866659e-05 3.258093650866659e-05 0.0045452117919921875
11 1.3455762153177873e-09 1.3455762153177873e-09 3.7686787574428753e-06 3.7686787574428753e-06 1.6854043774003423e-05 1.6854043774003423e-05 3.258093650866659e-05 3.258093650866659e-05 0.0045108795166015625
