0.100 0.5251365181643042 0.0725859375
0.126 0.6741948664558972 0.0956484375
0.153 0.9054631581949165 0.1287421875
0.179 1.1334616155303843 0.176546875
0.205 1.1906910119188183 0.235609375
0.232 1.159078996101358 0.296390625
0.258 1.0683996818441892 0.3575390625
0.284 0.9357798165044002 0.4105
0.311 0.820768784467961 0.460546875
0.337 0.6990940674285812 0.507078125
0.363 0.5938433800485929 0.540671875
0.389 0.5113710762923852 0.5738203125
0.416 0.4354875030224342 0.606265625
0.442 0.379516998130775 0.6296328125
0.468 0.3356491219307342 0.6455625
0.495 0.28427556405615945 0.67134375
0.521 0.2552675362659855 0.685453125
0.547 0.22703412158610428 0.7040625
0.574 0.2004386329928896 0.714984375
0.600 0.17572359033864465 0.727640625
