0.100 0.20663808712049758 0.073296875
0.126 0.23867267087714164 0.080515625
0.153 0.23743683034758004 0.0890546875
0.179 0.23607672996223172 0.094578125
0.205 0.24630876236300026 0.103015625
0.232 0.23240576372480443 0.1073125
0.258 0.23973778811760874 0.1131953125
0.284 0.23810473609911065 0.1195703125
0.311 0.25758965718623295 0.12446875
0.337 0.23795775260971375 0.1266171875
0.363 0.2535164044722754 0.13275
0.389 0.23037235559935065 0.1370625
0.416 0.24879156196743435 0.1404765625
0.442 0.24354106017306892 0.1476015625
0.468 0.26127264095174585 0.1473671875
0.495 0.24251020271697765 0.1539375
0.521 0.2581480737623005 0.1562890625
0.547 0.24653466189309667 0.159953125
0.574 0.24846738970143792 0.1636171875
0.600 0.24641533851153688 0.1671328125
