0.100 0.5859003191843126 0.0607734375
0.126 1.0944409660932233 0.0905390625
0.153 1.6338004795194885 0.1514765625
0.179 1.9501873351087107 0.240765625
0.205 1.883032331980643 0.329984375
0.232 1.6660343598019307 0.4421640625
0.258 1.352314058071556 0.5060625
0.284 1.0671820642204852 0.582765625
0.311 0.8310645013748066 0.634546875
0.337 0.667894905936872 0.676375
0.363 0.5402456619345302 0.707953125
0.389 0.4316718770928302 0.74084375
0.416 0.35904851769400425 0.7583828125
0.442 0.29396195162442607 0.7815078125
0.468 0.2494614215256285 0.7925390625
0.495 0.2099675151061465 0.8060703125
0.521 0.17951483868255247 0.8195078125
0.547 0.15167845471964558 0.83371875
0.574 0.13324966070402167 0.842046875
0.600 0.11341072073611673 0.8511953125
