0.100 0.4587390859797591 0.0766875
0.126 0.6363810013364801 0.0958359375
0.153 0.8701085255652492 0.1313828125
0.179 1.0697076413782347 0.177609375
0.205 1.0985998311017124 0.22878125
0.232 1.074411564950426 0.28371875
0.258 1.0123933398931964 0.3473828125
0.284 0.8892411715394274 0.40159375
0.311 0.7736389746943733 0.4427734375
0.337 0.6709356834717736 0.482484375
0.363 0.5797013793342252 0.5165234375
0.389 0.5025141844499414 0.550125
0.416 0.43379109222317513 0.5825625
0.442 0.37991386077427425 0.6019609375
0.468 0.3341912777145821 0.6220625
0.495 0.2931509568797435 0.642171875
0.521 0.2564104641325281 0.6612421875
0.547 0.23039544149836746 0.6799921875
0.574 0.20113380571343975 0.6921875
0.600 0.1850558438792177 0.7022734375
