0.100 0.288947173488463 0.0475390625
0.126 0.30095711186522683 0.056640625
0.153 0.27738108839294084 0.0632109375
0.179 0.2928657511990612 0.0677265625
0.205 0.2919960120721032 0.07415625
0.232 0.3022103672922929 0.08025
0.258 0.29042499786781967 0.0846328125
0.284 0.269271406381577 0.087359375
0.311 0.27473414813671193 0.0921875
0.337 0.2675772844102845 0.098375
0.363 0.2739986445975303 0.1014921875
0.389 0.27342543749477083 0.105390625
0.416 0.28056363592085237 0.1105078125
0.442 0.26979249249725 0.1126796875
0.468 0.2713714878884936 0.1168125
0.495 0.2657610695447466 0.12084375
0.521 0.2800747244856343 0.1252109375
0.547 0.29089664139281124 0.1275234375
0.574 0.2760469854510552 0.129484375
0.600 0.2691048678252512 0.1327421875
