0.100 0.4456081688944402 0.0653359375
0.126 0.7702114549186352 0.087875
0.153 1.2233973111717389 0.1340859375
0.179 1.3957993210123427 0.191296875
0.205 1.468624747201317 0.262015625
0.232 1.3810328066628068 0.3384375
0.258 1.208736404461087 0.39978125
0.284 1.034857721724931 0.4656796875
0.311 0.8594728671604231 0.5306171875
0.337 0.7125635788186535 0.571359375
0.363 0.6091321840441118 0.60384375
0.389 0.5198350169375521 0.6276171875
0.416 0.4281370565815506 0.665234375
0.442 0.35604586640353536 0.6890625
0.468 0.3083622984216742 0.70553125
0.495 0.26882648511179197 0.7265
0.521 0.22604517571160457 0.7485703125
0.547 0.2001974971836955 0.7549609375
0.574 0.17473504506079843 0.7677578125
0.600 0.15932471252801048 0.77665625
