0.100 0.31440245015610935 0.0423984375
0.126 0.31167885654486915 0.049390625
0.153 0.2913119227652811 0.05403125
0.179 0.3109790069135512 0.060671875
0.205 0.3148617171110127 0.0671015625
0.232 0.304334080814512 0.0704921875
0.258 0.28547499055222936 0.075625
0.284 0.2865959293178993 0.079015625
0.311 0.2949551456007657 0.0851640625
0.337 0.29129282764383735 0.0893359375
0.363 0.28730533457532 0.092328125
0.389 0.31113090489376977 0.0968125
0.416 0.2948352366553538 0.099109375
0.442 0.2919626889455917 0.10465625
0.468 0.3018686879072015 0.1068515625
0.495 0.28499879602476536 0.1107578125
0.521 0.2645181532619277 0.113
0.547 0.2800666301978012 0.1166328125
0.574 0.28635376537135704 0.1197578125
0.600 0.28845280788717176 0.1241953125
