0.100 0.6270036166880488 0.051515625
0.126 1.2924899796482356 0.087375
0.153 2.0971148919204112 0.16821875
0.179 2.387393354245816 0.2824609375
0.205 2.1633875306303794 0.406546875
0.232 1.751015284900837 0.5091328125
0.258 1.3353773708175902 0.5985
0.284 0.9920577745651148 0.664578125
0.311 0.7459622362716686 0.7145625
0.337 0.5811579972728296 0.7474609375
0.363 0.4524932292087678 0.7787109375
0.389 0.35685061374732463 0.8038828125
0.416 0.28128547402364795 0.821578125
0.442 0.23160577580808311 0.836515625
0.468 0.18433946297040926 0.8541015625
0.495 0.1567088030479232 0.8635703125
0.521 0.13203487004980308 0.871015625
0.547 0.1176619592111935 0.87975
0.574 0.09775990045518128 0.887625
0.600 0.08830121374143238 0.890328125
