0.100 0.31851212066601464 0.0368984375
0.126 0.33219101726825756 0.0440390625
0.153 0.3411317058958992 0.049796875
0.179 0.3179875621755844 0.0537890625
0.205 0.31029015307876723 0.0580234375
0.232 0.30673956648445233 0.0621015625
0.258 0.3280066967128508 0.0679375
0.284 0.31624288091844727 0.0742734375
0.311 0.3006240918450002 0.0767890625
0.337 0.33442509470828563 0.0808671875
0.363 0.3148664186545531 0.084015625
0.389 0.30480220902771965 0.0887109375
0.416 0.30265693360857415 0.091921875
0.442 0.3081065846126332 0.095875
0.468 0.303535408275704 0.0980390625
0.495 0.312468866606899 0.1026953125
0.521 0.320331179177548 0.105
0.547 0.2920988155726335 0.1083828125
0.574 0.30592211056135693 0.1113984375
0.600 0.2902273777510935 0.113328125
