0.100 0.25051100865081666 0.0566171875
0.126 0.2714640476470443 0.0640390625
0.153 0.29068027291573706 0.0709765625
0.179 0.2653831364356734 0.0771796875
0.205 0.2832976370375918 0.0804296875
0.232 0.27001142034369574 0.087609375
0.258 0.2765825369023471 0.092390625
0.284 0.2813038372370286 0.0984765625
0.311 0.25804454838360696 0.1009296875
0.337 0.27097879227793853 0.1071484375
0.363 0.25722989334323665 0.111296875
0.389 0.2553039759726374 0.1157421875
0.416 0.26870141229271755 0.1211875
0.442 0.280019705367828 0.126328125
0.468 0.26810806159542205 0.126703125
0.495 0.2652983804446559 0.1309453125
0.521 0.25513848623886415 0.1337109375
0.547 0.2603669015785951 0.13771875
0.574 0.268199574696928 0.1421171875
0.600 0.2517206091268933 0.1451875
