0.100 0.22994191156318622 0.082390625
0.126 0.22996744488836082 0.0913828125
0.153 0.2238723483578731 0.0996484375
0.179 0.21562350237796699 0.1054921875
0.205 0.2257296168716004 0.113640625
0.232 0.2319231092690002 0.118828125
0.258 0.23839382363362432 0.1237109375
0.284 0.23825397172765658 0.1306015625
0.311 0.23533626395550777 0.1348125
0.337 0.2304895020614819 0.13921875
0.363 0.23007203555174535 0.14478125
0.389 0.25099691837121285 0.1489453125
0.416 0.24182525429845844 0.1533125
0.442 0.23317976549092623 0.1554453125
0.468 0.2409021949322042 0.1630859375
0.495 0.2396607538824961 0.16603125
0.521 0.2362121539244888 0.1710703125
0.547 0.22748866903532944 0.1731796875
0.574 0.22213243603855537 0.1763515625
0.600 0.23220001844595264 0.1791484375
