0.100 0.44689682198986724 0.0618125
0.126 0.8207322305549579 0.087046875
0.153 1.3295735972120324 0.13675
0.179 1.6125150598817943 0.209859375
0.205 1.6086519711375669 0.2820234375
0.232 1.5477989194875532 0.38703125
0.258 1.2924150209952985 0.4581875
0.284 1.0701424976080143 0.5085625
0.311 0.8843140099460232 0.5653046875
0.337 0.7062150583206525 0.61925
0.363 0.5736168688614266 0.6598515625
0.389 0.48348805119512117 0.682390625
0.416 0.3925532301006345 0.7153828125
0.442 0.32387820616778495 0.73834375
0.468 0.2819469401827111 0.7512578125
0.495 0.24240921567469928 0.7645625
0.521 0.20589027696586443 0.7831953125
0.547 0.17816275243737764 0.7892265625
0.574 0.15782958891143384 0.8029921875
0.600 0.14423458071514095 0.8081328125
