0.100 0.26001823897430776 0.0645859375
0.126 0.24009266222493697 0.0719453125
0.153 0.25654353821040604 0.0799453125
0.179 0.24335742495623577 0.085609375
0.205 0.2520768713950681 0.0901640625
0.232 0.2446701199265834 0.0992265625
0.258 0.2415777457424909 0.1013671875
0.284 0.2550858708311582 0.108359375
0.311 0.2574145757054568 0.1126796875
0.337 0.24903450125261645 0.1168828125
0.363 0.24664393203844484 0.120734375
0.389 0.25863218157817447 0.1259609375
0.416 0.2521445707161527 0.1298984375
0.442 0.2586433831293406 0.13359375
0.468 0.24285617344965935 0.136875
0.495 0.25275711111638755 0.142734375
0.521 0.22959722301177918 0.1437421875
0.547 0.24091693512839385 0.1491015625
0.574 0.24506162115015342 0.151
0.600 0.263681119871806 0.1553671875
