0.100 0.7120469611500646 0.0302734375
0.126 1.899091906949745 0.085953125
0.153 3.204130124686918 0.2394140625
0.179 3.007036801136822 0.40359375
0.205 2.2960021434466884 0.5551171875
0.232 1.6026803065225455 0.6528046875
0.258 1.074185251705245 0.7305078125
0.284 0.7559965619641648 0.77940625
0.311 0.546754453239016 0.814359375
0.337 0.39292855688888106 0.8454140625
0.363 0.27453931033885665 0.874
0.389 0.23736457332610156 0.8785625
0.416 0.17382129805801155 0.896859375
0.442 0.13201944629597542 0.9090625
0.468 0.11094329023923903 0.915484375
0.495 0.09349634536616522 0.921453125
0.521 0.07454731835199957 0.9274375
0.547 0.06621104411253917 0.931734375
0.574 0.05927229030096545 0.934140625
0.600 0.04760272743855199 0.9398203125
