0.100 0.48261911839654337 0.0690078125
0.126 0.6980380531397179 0.0900859375
0.153 1.0686076233107002 0.1301875
0.179 1.2535414184320912 0.18115625
0.205 1.3322331872691007 0.2485625
0.232 1.2444354816595917 0.309140625
0.258 1.1292331156058524 0.372703125
0.284 0.9894706919294028 0.4419765625
0.311 0.8489179070986411 0.4866015625
0.337 0.7181435637186218 0.5317734375
0.363 0.6046573898004718 0.573453125
0.389 0.5149995982610273 0.6046015625
0.416 0.4395206322130031 0.631359375
0.442 0.3721469944412828 0.65753125
0.468 0.3302236255028712 0.670203125
0.495 0.2797881956359991 0.6993203125
0.521 0.24770307428081093 0.7139375
0.547 0.21421507991943564 0.726875
0.574 0.18963092219452626 0.7424765625
0.600 0.16689775394430253 0.756921875
