0.100 0.35437840245911567 0.03121875
0.126 0.3383109274682226 0.0398046875
0.153 0.33832985365348106 0.0429140625
0.179 0.3314404010221187 0.0478828125
0.205 0.35314889829412804 0.05315625
0.232 0.33553336543605455 0.056828125
0.258 0.3442210471567482 0.0618671875
0.284 0.3168514328880668 0.066546875
0.311 0.3280865111657425 0.0704609375
0.337 0.3308829627695894 0.0735703125
0.363 0.3185434903527417 0.0769140625
0.389 0.3297078030418353 0.0820078125
0.416 0.3100546904596566 0.0826171875
0.442 0.310210462323141 0.0880078125
0.468 0.32337899717626506 0.0892578125
0.495 0.30174399216087777 0.0928671875
0.521 0.30942225463679085 0.0969765625
0.547 0.31837002494120514 0.09990625
0.574 0.30070393299236037 0.101640625
0.600 0.3093115610005689 0.105015625
