0.100 0.3745419790608162 0.0266328125
0.126 0.37659138591008 0.03240625
0.153 0.36714356292953193 0.0373046875
0.179 0.3429054298375696 0.042625
0.205 0.3375727269752879 0.0456875
0.232 0.3333418168427238 0.0511796875
0.258 0.3412663282180123 0.054890625
0.284 0.34439106281264587 0.0589765625
0.311 0.3680663653199096 0.0633671875
0.337 0.32261723960338967 0.06503125
0.363 0.3509460813130526 0.06909375
0.389 0.3349395871897563 0.071765625
0.416 0.31816160707366137 0.076609375
0.442 0.3582154569327428 0.0811796875
0.468 0.309611361087594 0.08146875
0.495 0.30528153020122833 0.0849296875
0.521 0.3302788773431626 0.088015625
0.547 0.3208146002072901 0.0918203125
0.574 0.3016893966629521 0.09584375
0.600 0.3156149803493332 0.0974453125
