0.100 0.23905918427263861 0.232984375
0.126 0.23499265433123653 0.2602109375
0.153 0.23707251963453835 0.2887109375
0.179 0.21818001797013742 0.3135859375
0.205 0.20201075180225928 0.3348359375
0.232 0.18880329176675253 0.3518984375
0.258 0.17608804385839535 0.369984375
0.284 0.1717916162327296 0.38521875
0.311 0.16208031781396492 0.401359375
0.337 0.1541202895611377 0.41509375
0.363 0.13581641700301225 0.4258515625
0.389 0.13304849702730323 0.4425078125
0.416 0.12022819398899948 0.4493359375
0.442 0.1233855486546686 0.4581953125
0.468 0.11564757400943963 0.469046875
0.495 0.10738596053764725 0.480578125
0.521 0.09638268428297393 0.4850625
0.547 0.09352417111047784 0.4888984375
0.574 0.09439666691213637 0.4940234375
0.600 0.09009577117165068 0.5024609375
