0.100 0.43535805325215504 0.081078125
0.126 0.6000624633614786 0.100328125
0.153 0.8176202835537194 0.131359375
0.179 0.9518727764122284 0.17521875
0.205 1.0002491913263425 0.2224296875
0.232 0.9922135063034526 0.27703125
0.258 0.9311569042672913 0.3310625
0.284 0.8292095917722636 0.381984375
0.311 0.7301022509244801 0.4182109375
0.337 0.6447331727212648 0.464078125
0.363 0.5562373979767798 0.508578125
0.389 0.48688732757855807 0.52496875
0.416 0.424870793290781 0.56025
0.442 0.37406739403368167 0.5794609375
0.468 0.3297269229299197 0.6120703125
0.495 0.29371661096032914 0.621640625
0.521 0.2595111136599014 0.641859375
0.547 0.2316694460891013 0.6615625
0.574 0.20804161497232973 0.6731484375
0.600 0.18607844092792306 0.685578125
