0.100 0.7015933673744534 0.004427083333333333
0.126 1.089157401537106 0.0074375
0.153 1.5569505274384505 0.014744791666666666
0.179 2.583371556468728 0.03478645833333333
0.205 2.955955128580022 0.06469270833333333
0.232 3.3694937841966426 0.11674479166666667
0.258 3.1205028743357217 0.18384375
0.284 2.756294645142247 0.25514583333333335
0.311 2.2114353279097476 0.33307291666666666
0.337 1.7432550884522744 0.3912760416666667
0.363 1.3922340879851844 0.4408229166666667
0.389 1.1672407242396687 0.48280208333333335
0.416 0.9432990572908699 0.5203697916666666
0.442 0.7465238996864835 0.5509010416666666
0.468 0.6064490147095426 0.5860625
0.495 0.5231493314547082 0.6094375
0.521 0.4497630961489114 0.6253072916666667
0.547 0.377642191458404 0.64334375
0.574 0.33332557250148304 0.6587291666666667
0.600 0.284857269979434 0.681125
