0.100 0.5475677554603061 0.009348958333333334
0.126 0.5970310739209009 0.011817708333333333
0.153 0.6384452834734297 0.014572916666666666
0.179 0.5837320173884326 0.015984375
0.205 0.574046205626935 0.018520833333333334
0.232 0.5491879132377643 0.020848958333333334
0.258 0.5297263582848958 0.023067708333333332
0.284 0.5203137235472235 0.024640625
0.311 0.5482626644605616 0.027479166666666666
0.337 0.46738384305338915 0.029369791666666666
0.363 0.48310534744823347 0.031203125
0.389 0.47864533657198766 0.03428125
0.416 0.5023706341398403 0.0361875
0.442 0.48867528133944976 0.037333333333333336
0.468 0.47803255452855437 0.03989583333333333
0.495 0.4641893476757564 0.04198958333333333
0.521 0.47351940952297666 0.042796875
0.547 0.44160214022894567 0.045348958333333335
0.574 0.48202094944272494 0.047953125
0.600 0.4647710127293512 0.048630208333333334
