0.100 0.870925791955172 0.004526041666666667
0.126 1.2684533717888407 0.007625
0.153 1.5559282961038228 0.0141875
0.179 2.6871385080424424 0.03588020833333333
0.205 3.083518503251932 0.06756770833333334
0.232 3.61670745218925 0.137046875
0.258 3.517409319764821 0.21869270833333335
0.284 3.012649729274541 0.2841875
0.311 2.369897788769307 0.369796875
0.337 1.7627850009643373 0.43096354166666667
0.363 1.3766200947220888 0.47801041666666666
0.389 1.0936052380584924 0.5300833333333334
0.416 0.8605008829435784 0.5666197916666667
0.442 0.6907717050455425 0.5942864583333334
0.468 0.5609467898022007 0.62346875
0.495 0.44478438194431735 0.6549427083333333
0.521 0.418824806880735 0.665390625
0.547 0.3395386950780194 0.68590625
0.574 0.2972602876198646 0.701234375
0.600 0.2639143178158335 0.7126614583333334
