0.100 0.8971466846121009 0.004265625
0.126 1.1053031771532271 0.006765625
0.153 1.9296690628138344 0.016895833333333332
0.179 2.8316269099168903 0.03855729166666667
0.205 3.9471049258607818 0.08935416666666667
0.232 4.283817963303635 0.15796354166666668
0.258 3.8038980961684135 0.245140625
0.284 3.0049195949437326 0.342484375
0.311 2.2066929230800265 0.4306510416666667
0.337 1.7648449190043418 0.48163541666666665
0.363 1.31757206644501 0.5386927083333334
0.389 0.961842149446348 0.594671875
0.416 0.8084663016352883 0.62321875
0.442 0.6236316756318587 0.6508177083333333
0.468 0.5155510247774869 0.66971875
0.495 0.4233238904149175 0.6926302083333333
0.521 0.35328968815296724 0.712484375
0.547 0.2976670403895514 0.7294375
0.574 0.2595135008290623 0.7423385416666667
0.600 0.2148885724712403 0.7570364583333333
