0.100 0.7116379712829671 0.0071875
0.126 0.6280902388074127 0.009328125
0.153 0.6508805797959735 0.010260416666666666
0.179 0.5793944222146035 0.0123125
0.205 0.6590833399093989 0.014901041666666667
0.232 0.5980428163887853 0.016338541666666668
0.258 0.5719640562553546 0.018239583333333333
0.284 0.5423927099880598 0.019994791666666668
0.311 0.5261320055829156 0.021453125
0.337 0.5730392183758697 0.023833333333333335
0.363 0.5234345283369235 0.025328125
0.389 0.5703222776080704 0.027171875
0.416 0.5402441677141324 0.029239583333333333
0.442 0.4991575456536878 0.030125
0.468 0.4962709536629271 0.032213541666666665
0.495 0.5501036105291535 0.03448958333333333
0.521 0.5007999998278522 0.035453125
0.547 0.51692601307509 0.037223958333333335
0.574 0.4695437795643669 0.03856770833333333
0.600 0.48774893236011335 0.041015625
