0.100 0.7210260352924122 0.03203645833333333
0.126 0.8765816610415448 0.04828645833333333
0.153 0.9015359804599293 0.06794270833333334
0.179 0.8929285982235443 0.09142708333333334
0.205 0.8768294121913413 0.11821875
0.232 0.8122298526127184 0.140671875
0.258 0.7551878130437372 0.170625
0.284 0.705495175311838 0.19663020833333333
0.311 0.6053184502542597 0.21791666666666668
0.337 0.5584839930626345 0.24088541666666666
0.363 0.4853609935482593 0.2583020833333333
0.389 0.4368328403474416 0.27886458333333336
0.416 0.39713584502645366 0.295796875
0.442 0.35743487350672093 0.31428125
0.468 0.31991174514082504 0.32769270833333336
0.495 0.3058883818069086 0.34171875
0.521 0.27834303176281666 0.35361458333333334
0.547 0.253364360698181 0.36430208333333336
0.574 0.24077420692339824 0.3727239583333333
0.600 0.22773203351066731 0.3825625
