0.100 0.9011952762988606 0.004536458333333333
0.126 1.4340588394295928 0.009291666666666667
0.153 1.6332180407546781 0.0163125
0.179 2.210461526475099 0.03355208333333334
0.205 2.5175211478509447 0.05794791666666667
0.232 2.94441184427356 0.10661979166666667
0.258 2.6903837932142713 0.16176041666666666
0.284 2.4472401561017243 0.215421875
0.311 2.0253531032580225 0.2799375
0.337 1.7375028686197964 0.325140625
0.363 1.3672099929242967 0.3773489583333333
0.389 1.2059054896835153 0.41346875
0.416 1.0100273640990414 0.4529635416666667
0.442 0.812349578614867 0.48623958333333334
0.468 0.6742345093029803 0.510921875
0.495 0.5476022806642531 0.5433125
0.521 0.4808602718245323 0.5641197916666667
0.547 0.43728583635845614 0.580703125
0.574 0.3688242690807087 0.600203125
0.600 0.3241571164582134 0.6185729166666667
