0.100 0.9520925688223159 0.00259375
0.126 1.1002645722809323 0.004473958333333333
0.153 2.6069623089860703 0.01753125
0.179 3.8654031174999877 0.04602083333333333
0.205 5.916385536040113 0.136984375
0.232 5.553300036847404 0.296421875
0.258 4.093412802548518 0.4093541666666667
0.284 2.7686695101855245 0.506734375
0.311 1.9317723512917704 0.584359375
0.337 1.1752511712561813 0.6526041666666667
0.363 0.856807088205417 0.6973489583333333
0.389 0.6469608299128092 0.7343541666666666
0.416 0.5057267518638174 0.7586302083333333
0.442 0.403337971076025 0.7780729166666667
0.468 0.30226764540110923 0.8018489583333334
0.495 0.24833270670541852 0.8121614583333333
0.521 0.21147773074557463 0.8252916666666666
0.547 0.17542603154718764 0.836703125
0.574 0.14330621757390405 0.846515625
0.600 0.129224589588426 0.85384375
