0.100 0.7486627392132424 0.002958333333333333
0.126 1.2080607513952557 0.006807291666666666
0.153 1.74250159089757 0.013302083333333334
0.179 3.204117385898245 0.04053645833333333
0.205 4.59184268755416 0.11166145833333334
0.232 4.869816197386059 0.20997395833333332
0.258 4.111308475807694 0.30438020833333335
0.284 3.162737398734254 0.403921875
0.311 2.135597341159617 0.49919270833333335
0.337 1.462331272293321 0.5650572916666666
0.363 1.168604569026493 0.6088958333333333
0.389 0.8550907564698974 0.658
0.416 0.6782888762268907 0.6840677083333333
0.442 0.5097293359282007 0.709328125
0.468 0.4169053610355436 0.7370520833333334
0.495 0.35212424993987707 0.7480260416666666
0.521 0.2813003988842629 0.7633072916666667
0.547 0.24113834509447107 0.7784322916666667
0.574 0.2082676228232079 0.7910729166666667
0.600 0.17866346092403398 0.8010572916666666
