0.100 0.7320064783233585 0.004848958333333334
0.126 1.1332302283592683 0.008671875
0.153 1.3763855115817665 0.01490625
0.179 1.9826699327134942 0.03015625
0.205 2.4772665703316763 0.06177083333333333
0.232 2.6825833877674956 0.102890625
0.258 2.558063906028758 0.15097395833333332
0.284 2.41768933526862 0.20016666666666666
0.311 2.0021986983708646 0.25724479166666664
0.337 1.6643678728885873 0.30526041666666665
0.363 1.394873977482165 0.34910416666666666
0.389 1.1382700031696495 0.395984375
0.416 0.9342023262393898 0.4327916666666667
0.442 0.8147171707875219 0.465953125
0.468 0.6862624053885238 0.4885833333333333
0.495 0.6098791337067985 0.5073020833333334
0.521 0.4942699961582641 0.5400572916666667
0.547 0.4389039878935174 0.56034375
0.574 0.3879356173597854 0.574765625
0.600 0.3361720564652689 0.59478125
