0.100 0.6296183077879306 0.005635416666666667
0.126 0.7502745256453967 0.007453125
0.153 0.6218185598348016 0.009239583333333334
0.179 0.5992398035192578 0.011541666666666667
0.205 0.6122453080755247 0.013229166666666667
0.232 0.5674905569975087 0.013828125
0.258 0.6072266571312707 0.016260416666666666
0.284 0.5932742707750905 0.017791666666666667
0.311 0.5637017610686443 0.019380208333333333
0.337 0.5641482372770803 0.021635416666666667
0.363 0.6177873008233471 0.023453125
0.389 0.5549907655616361 0.023911458333333333
0.416 0.5171426954195688 0.025421875
0.442 0.5464991449081092 0.027375
0.468 0.5379229575432537 0.029005208333333334
0.495 0.5208380903621403 0.030338541666666666
0.521 0.5306524284883478 0.03272916666666666
0.547 0.5057240656376413 0.033546875
0.574 0.5383835769602533 0.035921875
0.600 0.5022562267746271 0.036244791666666665
