0.100 0.6386536058034112 0.010427083333333333
0.126 0.5702452930342162 0.013291666666666667
0.153 0.6266185752372535 0.016265625
0.179 0.5361040960922415 0.018369791666666666
0.205 0.540135292639503 0.020109375
0.232 0.5410861717009535 0.02272916666666667
0.258 0.5279824365600246 0.026916666666666665
0.284 0.5620034384549366 0.028161458333333333
0.311 0.4673564928306097 0.03034375
0.337 0.476405405898441 0.03280729166666667
0.363 0.49629334572168626 0.03563020833333334
0.389 0.4577541970136549 0.036421875
0.416 0.46988636435613107 0.039078125
0.442 0.4652917815047945 0.041692708333333335
0.468 0.45528301234487006 0.044296875
0.495 0.4576119628890935 0.04553125
0.521 0.44697625488895687 0.047963541666666665
0.547 0.4303621438494192 0.04915625
0.574 0.43369182810638834 0.052625
0.600 0.46189146530825315 0.053625
