0.100 0.6427205166676497 0.008229166666666666
0.126 0.6428879907646275 0.010442708333333333
0.153 0.5289237002470472 0.0121875
0.179 0.5897986588658876 0.014921875
0.205 0.6073706351014178 0.016442708333333333
0.232 0.5838036039878315 0.018770833333333334
0.258 0.5325545139104005 0.020385416666666666
0.284 0.5471776070540676 0.022791666666666665
0.311 0.5540473579280901 0.0245
0.337 0.5303900960530069 0.025817708333333335
0.363 0.49101439455230683 0.028651041666666665
0.389 0.502745804070346 0.029890625
0.416 0.5298934860556738 0.031625
0.442 0.49236883207470933 0.034078125
0.468 0.46853195741220666 0.03576041666666667
0.495 0.46127709044771975 0.037947916666666665
0.521 0.4501073232978147 0.03875
0.547 0.4736910398954901 0.040265625
0.574 0.4342078415288666 0.04246354166666667
0.600 0.488299992235851 0.04467708333333333
