0.100 0.5460793574588211 0.013515625
0.126 0.5350832974960401 0.016489583333333332
0.153 0.5219889181526093 0.020244791666666668
0.179 0.5227766075002872 0.023552083333333335
0.205 0.452301028075146 0.026052083333333333
0.232 0.4867101451867433 0.029572916666666667
0.258 0.45731134954328717 0.03234375
0.284 0.4494007542810043 0.034479166666666665
0.311 0.439937501040689 0.03825
0.337 0.4758245357779656 0.04127083333333333
0.363 0.4555818400067017 0.044807291666666665
0.389 0.4275594943092345 0.045739583333333333
0.416 0.4298531612357512 0.04882291666666667
0.442 0.42820390624015264 0.05069791666666667
0.468 0.39855602732844925 0.052734375
0.495 0.41113653487069307 0.055375
0.521 0.40746887022239703 0.057890625
0.547 0.3979222336248047 0.06061458333333333
0.574 0.3849938451522228 0.060885416666666664
0.600 0.3845399631613526 0.06483333333333334
