0.100 0.5484317891354765 0.011802083333333333
0.126 0.539618144477689 0.014671875
0.153 0.4828896340006322 0.017557291666666665
0.179 0.5717973231937038 0.021125
0.205 0.5429068327776502 0.023114583333333334
0.232 0.5068082464611212 0.026255208333333332
0.258 0.45860552288470374 0.028286458333333334
0.284 0.49843185933110584 0.03199479166666667
0.311 0.4970917953065724 0.03384375
0.337 0.49070097520132744 0.036786458333333334
0.363 0.4798290216182876 0.03966666666666667
0.389 0.49570456461793727 0.04126041666666667
0.416 0.45578079358824114 0.04296875
0.442 0.4418180379981211 0.045161458333333335
0.468 0.47394671220870915 0.04815625
0.495 0.42813850137977294 0.050703125
0.521 0.4104711445616674 0.05213020833333333
0.547 0.416380574074574 0.054640625
0.574 0.41042433905627923 0.056479166666666664
0.600 0.4203201763654259 0.059015625
