0.100 0.7968140740733413 0.004494791666666667
0.126 1.0671195969564036 0.007578125
0.153 1.633972963247097 0.015786458333333333
0.179 2.2310956328016642 0.03246875
0.205 2.755379821238918 0.06322395833333333
0.232 3.0465396386268515 0.11116666666666666
0.258 2.926564303972311 0.169203125
0.284 2.6401496888664293 0.23246354166666666
0.311 2.1004745959315776 0.2987135416666667
0.337 1.7602586071041735 0.3508125
0.363 1.412077362191223 0.4102708333333333
0.389 1.1776651329461814 0.44608333333333333
0.416 0.9430561125284402 0.4861302083333333
0.442 0.799785742614893 0.5191041666666667
0.468 0.6783755175146192 0.5482291666666667
0.495 0.5539981575459663 0.5716458333333333
0.521 0.48358693804999303 0.5896614583333334
0.547 0.4232297148914897 0.6126770833333334
0.574 0.3484834053972848 0.627953125
0.600 0.3158820953003845 0.6424322916666667
