0.100 0.7750205781630918 0.0045625
0.126 0.5285433629194207 0.006395833333333333
0.153 0.7481575841621567 0.007
0.179 0.7723858416604434 0.009166666666666667
0.205 0.6256826744458768 0.009526041666666667
0.232 0.6967065744589792 0.011958333333333333
0.258 0.7078317238272237 0.012822916666666666
0.284 0.6611453054245251 0.014380208333333333
0.311 0.6670542070170747 0.016755208333333334
0.337 0.5898878032082852 0.016708333333333332
0.363 0.618114615353215 0.017911458333333335
0.389 0.622763256150392 0.020291666666666666
0.416 0.5863367549891516 0.020505208333333334
0.442 0.5605863602439886 0.022234375
0.468 0.5895057079797626 0.024088541666666668
0.495 0.5487608430011112 0.024708333333333332
0.521 0.5726640482323655 0.02663541666666667
0.547 0.5346688245810923 0.02802083333333333
0.574 0.5921211367459933 0.028989583333333332
0.600 0.5797178106251392 0.030010416666666668
