0.100 0.6717699736373447 0.005328125
0.126 0.7629720584447605 0.006921875
0.153 0.7219882994833425 0.008453125
0.179 0.6904411283799387 0.009817708333333333
0.205 0.659515342362279 0.010692708333333334
0.232 0.5768332030110417 0.012911458333333334
0.258 0.681260701758274 0.015291666666666667
0.284 0.6522901547286447 0.01575
0.311 0.5372507648725188 0.017401041666666665
0.337 0.6290226254081598 0.018432291666666666
0.363 0.5966561756987594 0.021666666666666667
0.389 0.5926231454158842 0.021442708333333334
0.416 0.546345912494346 0.023223958333333333
0.442 0.540412095263615 0.024921875
0.468 0.5936691499085325 0.025364583333333333
0.495 0.5739642794413166 0.02852604166666667
0.521 0.5091594059068675 0.028901041666666665
0.547 0.5090118680391094 0.030953125
0.574 0.5431194401967957 0.031760416666666666
0.600 0.5168917046132553 0.03339583333333333
