0.100 1.1759217439363923 0.002453125
0.126 1.6143157090140943 0.004572916666666667
0.153 3.834978533951523 0.026364583333333334
0.179 6.362549566490729 0.085046875
0.205 8.070658049619299 0.244
0.232 5.862417799531553 0.4567083333333333
0.258 3.1802732269403378 0.5949791666666666
0.284 1.748118491374112 0.6935572916666667
0.311 1.1716605283432202 0.7495729166666667
0.337 0.7479201377613306 0.7919322916666667
0.363 0.5150684949240584 0.8174166666666667
0.389 0.364385753898143 0.841015625
0.416 0.28370079954998767 0.8566770833333334
0.442 0.20934406596637078 0.8747135416666667
0.468 0.16105005760587926 0.8861197916666667
0.495 0.1299839086761739 0.8963385416666667
0.521 0.10835689818390935 0.903484375
0.547 0.09834623110286178 0.9069427083333333
0.574 0.07490485565957787 0.9135416666666667
0.600 0.06809803348018657 0.91778125
