0.100 1.5033099161777308 0.001453125
0.126 0.8543041475410483 0.00236328125
0.153 1.6368145953505486 0.00528125
0.179 3.1713484944466366 0.01900390625
0.205 4.864086580987975 0.05046484375
0.232 8.629801199880568 0.16477734375
0.258 6.926114067520031 0.30232421875
0.284 5.190049231641891 0.427546875
0.311 3.8570134784388492 0.5059375
0.337 1.7482251671819737 0.6117578125
0.363 1.2681429397905057 0.648609375
0.389 0.9021810449902401 0.6979296875
0.416 0.6342512738500524 0.72693359375
0.442 0.5154594181276264 0.75121484375
0.468 0.38224681346985667 0.77489453125
0.495 0.3172821586989456 0.7886484375
0.521 0.24228662655938185 0.806703125
0.547 0.20113437032688297 0.818890625
0.574 0.1727442899450535 0.8281796875
0.600 0.15726079079979788 0.83437890625
