0.100 0.6149571450016822 0.0317890625
0.126 0.4891335904781214 0.038171875
0.153 0.46308698071084925 0.04540625
0.179 0.4274370344022074 0.05183984375
0.205 0.3801100917290101 0.05633984375
0.232 0.37855152706674067 0.062203125
0.258 0.3644748029311686 0.06646484375
0.284 0.34202103478462903 0.07004296875
0.311 0.3308054863372924 0.07494921875
0.337 0.33241866586643937 0.0784609375
0.363 0.3299662419181603 0.082046875
0.389 0.3109972249833348 0.08623046875
0.416 0.2913835738715161 0.088765625
0.442 0.2998869530581115 0.09146484375
0.468 0.29288385507082765 0.092484375
0.495 0.28054140339000666 0.097015625
0.521 0.2893192095832025 0.09875
0.547 0.2710515027890779 0.10181640625
0.574 0.27303869554591853 0.10429296875
0.600 0.26323365167770046 0.1060625
