0.100 0.7906845638690818 0.00266796875
0.126 1.2976851476698479 0.00428515625
0.153 1.6798497297254549 0.00740234375
0.179 2.3307490340427663 0.0170390625
0.205 3.7940847460572495 0.0371015625
0.232 4.908779138033187 0.07973046875
0.258 5.614142676381623 0.16505859375
0.284 4.995765300748486 0.25298046875
0.311 3.7005554153585165 0.340546875
0.337 2.8980829367863494 0.41655859375
0.363 1.9099310398425147 0.48071484375
0.389 1.4722604490896893 0.53269140625
0.416 1.0854685356387355 0.5719765625
0.442 0.8740472145545155 0.60401171875
0.468 0.6791536099974509 0.6365234375
0.495 0.5632841534777517 0.6571484375
0.521 0.4251686618687902 0.6827890625
0.547 0.37389415158941436 0.69983203125
0.574 0.3185345805066975 0.71397265625
0.600 0.26432178356123487 0.728046875
