0.100 1.0551546912553 0.01878515625
0.126 1.043619714761151 0.0239921875
0.153 1.1568582299064718 0.032640625
0.179 1.1698599759370523 0.040203125
0.205 1.274005559843969 0.0528515625
0.232 1.2952682303188245 0.06841015625
0.258 1.211157813987226 0.08235546875
0.284 1.2286550674108045 0.099984375
0.311 1.158273199127777 0.12173046875
0.337 1.051536180921103 0.1387734375
0.363 0.9474292420752727 0.156625
0.389 0.8629546823838705 0.1728046875
0.416 0.7655962890403317 0.19103125
0.442 0.6817486055199437 0.2064296875
0.468 0.6354065838903493 0.22155859375
0.495 0.5592888893141343 0.23612890625
0.521 0.5188673662123429 0.24830859375
0.547 0.4637378423990958 0.25941015625
0.574 0.43495076112657477 0.273484375
0.600 0.39214532701708804 0.28369140625
