0.100 0.4755912061430223 0.02401171875
0.126 0.45673894836261747 0.0296640625
0.153 0.40990441190188964 0.03405859375
0.179 0.4158671793638641 0.03865625
0.205 0.3807469084975466 0.04264453125
0.232 0.40334450949353834 0.04645703125
0.258 0.3905621917855744 0.049140625
0.284 0.3976073129264814 0.05345703125
0.311 0.33435184256001327 0.05526953125
0.337 0.313072570578398 0.05837890625
0.363 0.3526804595073733 0.06178125
0.389 0.3353616691687922 0.063890625
0.416 0.32246001951518927 0.06656640625
0.442 0.31606914400349645 0.06790234375
0.468 0.3165940457376603 0.069953125
0.495 0.28182559796210127 0.07178125
0.521 0.3074034279961623 0.07444140625
0.547 0.31064352133844736 0.07688671875
0.574 0.30021511979360305 0.07995703125
0.600 0.2982193114026909 0.08073828125
