0.100 0.4236152409843541 0.02204296875
0.126 0.47525786624598687 0.027453125
0.153 0.42425271270608705 0.03130859375
0.179 0.39042908279981764 0.0350703125
0.205 0.4113591601918866 0.039234375
0.232 0.41728225984271944 0.04319921875
0.258 0.39035758690484657 0.0446953125
0.284 0.36509520380905414 0.0481953125
0.311 0.35972901489326303 0.05166796875
0.337 0.33899751475932044 0.05382421875
0.363 0.33205176981417595 0.055859375
0.389 0.3553544426571038 0.05855859375
0.416 0.33850577364063006 0.05999609375
0.442 0.33601425233061866 0.06276171875
0.468 0.33338266967181585 0.0651796875
0.495 0.3043533935201665 0.06776171875
0.521 0.3104665229992885 0.069265625
0.547 0.31651250462614183 0.07125
0.574 0.30692115557974065 0.07158984375
0.600 0.30049419395469606 0.07392578125
