0.100 0.5144025108814176 0.0285703125
0.126 0.47546938541086 0.0341328125
0.153 0.4490623924141797 0.0398359375
0.179 0.4476048690357208 0.04544140625
0.205 0.39051116059493723 0.049609375
0.232 0.40067457512564514 0.0536171875
0.258 0.34385225950184156 0.058421875
0.284 0.34419037126713964 0.061125
0.311 0.3662518608599 0.06496484375
0.337 0.3146675704596035 0.0674765625
0.363 0.3212694833489012 0.0704296875
0.389 0.32954023752023337 0.073984375
0.416 0.3005154328169146 0.0775078125
0.442 0.30224210218894015 0.078625
0.468 0.30612830613287195 0.0827265625
0.495 0.31271148446602137 0.083515625
0.521 0.2880080267259907 0.0858671875
0.547 0.2918998207181869 0.08815625
0.574 0.2826445245779656 0.090875
0.600 0.27343905315640155 0.09349609375
