0.100 1.5263560107259266 0.0027578125
0.126 1.319772302041399 0.0046796875
0.153 1.467650038646701 0.00790625
0.179 2.158837046399869 0.0148984375
0.205 2.5600168210322787 0.0285078125
0.232 3.003569890914333 0.0452734375
0.258 3.225382595926018 0.08221484375
0.284 3.2544754825538873 0.1302109375
0.311 3.0859047985348695 0.18713671875
0.337 2.756776596793494 0.2200703125
0.363 2.173903338660266 0.2819140625
0.389 1.8453596908526126 0.32632421875
0.416 1.422689588385236 0.373296875
0.442 1.1634051105256076 0.4068203125
0.468 0.9896141448016003 0.4396953125
0.495 0.8242262622006676 0.466953125
0.521 0.7226124488613017 0.48446875
0.547 0.6172508446946824 0.510796875
0.574 0.5101353947579684 0.533140625
0.600 0.4504386945822997 0.54743359375
