0.100 0.4812175656869755 0.02023828125
0.126 0.4876218869452787 0.0245859375
0.153 0.40226701038908336 0.02821484375
0.179 0.4256546479955036 0.03260546875
0.205 0.41382727711240347 0.03600390625
0.232 0.39848462935858914 0.039015625
0.258 0.41164834889462376 0.0415546875
0.284 0.3980930239674552 0.04407421875
0.311 0.37205052518216175 0.04680078125
0.337 0.37254346957099815 0.049671875
0.363 0.34500162266814177 0.05172265625
0.389 0.35421820281692573 0.05407421875
0.416 0.35250291098712544 0.05569921875
0.442 0.32517632816368736 0.058359375
0.468 0.3387726283678038 0.06053125
0.495 0.3304016086448265 0.06191796875
0.521 0.33293113495072146 0.06419921875
0.547 0.31373722151971295 0.06619921875
0.574 0.32673121531013205 0.06734765625
0.600 0.31536315368006934 0.068015625
