0.100 0.4642091081631605 0.02496484375
0.126 0.4496221259497776 0.03160546875
0.153 0.4083882743161143 0.03641015625
0.179 0.4008936880649014 0.041078125
0.205 0.4029447086545671 0.046125
0.232 0.3772481177844778 0.0501015625
0.258 0.35644505286296785 0.05341796875
0.284 0.3676805954741973 0.05648828125
0.311 0.34687984350257717 0.06089453125
0.337 0.3395452664990721 0.06325390625
0.363 0.32179278655431987 0.06587890625
0.389 0.3310779048908368 0.06837109375
0.416 0.33688890887400336 0.0719375
0.442 0.31115138665227027 0.07434375
0.468 0.3180584944028103 0.07591796875
0.495 0.29097304226887793 0.07796484375
0.521 0.2979659113534269 0.07905078125
0.547 0.3036526460931025 0.08269921875
0.574 0.277016394635983 0.08481640625
0.600 0.28065637234697194 0.0860390625
