0.100 0.5398318912182454 0.0010234375
0.126 1.232748408505421 0.00244921875
0.153 1.8786234338830312 0.0042578125
0.179 5.741375175203032 0.0349140625
0.205 8.813810389507793 0.10405859375
0.232 10.296257082590543 0.3113984375
0.258 5.664348798759595 0.5457578125
0.284 2.8661304103171097 0.63952734375
0.311 1.9152014492899656 0.70347265625
0.337 0.9025455698575346 0.76552734375
0.363 0.6279710403624624 0.802234375
0.389 0.45760276171116815 0.81915625
0.416 0.37863474048726825 0.8427734375
0.442 0.23973986334257075 0.86086328125
0.468 0.22469119238876317 0.86860546875
0.495 0.15497455749566047 0.8811953125
0.521 0.12806381743390052 0.89133203125
0.547 0.10853478893368404 0.8982265625
0.574 0.09131933531999277 0.90308203125
0.600 0.07854798749884229 0.907671875
