0.100 0.6756324434611827 0.03282421875
0.126 0.5638700781397121 0.0417265625
0.153 0.4874667003350525 0.05038671875
0.179 0.45016289101516416 0.05751953125
0.205 0.4099951556281743 0.06527734375
0.232 0.3965274583955637 0.07073046875
0.258 0.38310665595586735 0.07739453125
0.284 0.3626923579756948 0.08154296875
0.311 0.34248316921443067 0.08471875
0.337 0.3306510665035496 0.09066015625
0.363 0.3070253731699058 0.09259765625
0.389 0.3101324649793179 0.0963046875
0.416 0.30075919998569034 0.1013125
0.442 0.29430770495396874 0.1046015625
0.468 0.2669388428295506 0.10650390625
0.495 0.27483750691250247 0.11023828125
0.521 0.2786728371572807 0.1122109375
0.547 0.25077779540896905 0.11495703125
0.574 0.2590297459815373 0.118609375
0.600 0.2538085083858012 0.12055078125
