0.100 0.6899887772780389 0.0024453125
0.126 1.2681660495325746 0.00430859375
0.153 1.6010800449023772 0.007234375
0.179 2.0573512597213606 0.0145703125
0.205 2.7284680262624996 0.02973046875
0.232 3.42587372143523 0.05221875
0.258 4.243760746398442 0.10890234375
0.284 4.403555732973329 0.17345703125
0.311 3.4593037945320875 0.25707421875
0.337 3.0808329912114973 0.30425
0.363 2.2908768175439755 0.37298828125
0.389 1.7446003422668264 0.430359375
0.416 1.3384361719656013 0.47094921875
0.442 1.0998249730718184 0.5066875
0.468 0.9183823670540439 0.53362890625
0.495 0.7316455517737295 0.56102734375
0.521 0.649497615841129 0.58265625
0.547 0.47973082183287175 0.60944921875
0.574 0.4328594834643631 0.62576953125
0.600 0.36211030110353526 0.6462421875
