0.100 0.9397122603244767 0.00265234375
0.126 1.1786277415100275 0.00452734375
0.153 1.3601112083948552 0.0066953125
0.179 1.9791573951234953 0.01429296875
0.205 2.381236884518198 0.02814453125
0.232 3.1395364733162765 0.0553671875
0.258 3.3909508629854543 0.08978125
0.284 3.426964802243537 0.138703125
0.311 3.2124232693640415 0.193234375
0.337 2.7957266422491958 0.25251953125
0.363 2.1948822305155353 0.31197265625
0.389 1.7537390763819325 0.358109375
0.416 1.4444245396654907 0.3990546875
0.442 1.120085338600058 0.4375234375
0.468 0.9934168404837834 0.46296875
0.495 0.8095783333086195 0.49332421875
0.521 0.6761788351377166 0.51879296875
0.547 0.5771028044678281 0.53615234375
0.574 0.5000594895072102 0.55287890625
0.600 0.42613956059362185 0.57616015625
