0.100 0.8332713118730517 0.00284765625
0.126 1.1661414336703677 0.00415234375
0.153 1.3837509943521948 0.00676171875
0.179 2.5014912680097656 0.0169765625
0.205 2.9847226195814054 0.031546875
0.232 4.132151964740815 0.07065234375
0.258 4.813469793777881 0.12801953125
0.284 4.854963936315816 0.20250390625
0.311 3.842459724155306 0.27428515625
0.337 3.051490436840356 0.35278515625
0.363 2.2495416557294834 0.4198359375
0.389 1.8317008034289077 0.46098046875
0.416 1.3006792867409822 0.517328125
0.442 0.9054887085793829 0.56023046875
0.468 0.8016809371733927 0.5848046875
0.495 0.6578337679536198 0.60812890625
0.521 0.5300510795250925 0.6226328125
0.547 0.45008477486598386 0.646375
0.574 0.36740153088747657 0.66569140625
0.600 0.30208815908143194 0.68553515625
