0.100 0.613244284839709 0.032640625
0.126 0.5594219897439662 0.040609375
0.153 0.4843399155135657 0.04851953125
0.179 0.4268519377760809 0.053484375
0.205 0.41405529056548435 0.060515625
0.232 0.3865801369445255 0.066421875
0.258 0.35933563635461013 0.070453125
0.284 0.3566167633609429 0.07499609375
0.311 0.3507682500745058 0.08026953125
0.337 0.32958238858166927 0.0840390625
0.363 0.3102184535141742 0.0868515625
0.389 0.30580525704819644 0.09155859375
0.416 0.2935471731194614 0.0948046875
0.442 0.29646609655322587 0.0973203125
0.468 0.27978974472259316 0.0996640625
0.495 0.2760128178704272 0.103421875
0.521 0.2663814005768464 0.10588671875
0.547 0.2596532289167664 0.107546875
0.574 0.2696580690247837 0.1107109375
0.600 0.2607017364896288 0.1131484375
