0.100 1.5103028860386836 0.00253515625
0.126 1.4881445678554377 0.0039765625
0.153 1.7263597003950888 0.0063671875
0.179 2.310902985944775 0.0151875
0.205 4.183813905495084 0.04034765625
0.232 5.838850871635005 0.10292578125
0.258 6.488114881504251 0.18228125
0.284 5.7223128707523445 0.29883203125
0.311 3.357923781860036 0.427875
0.337 2.5130183080082102 0.49913671875
0.363 1.6855546396982 0.55535546875
0.389 1.2546835836444061 0.60441796875
0.416 0.8732798868299629 0.64094140625
0.442 0.6505117053470432 0.67196875
0.468 0.5653392775085527 0.69927734375
0.495 0.4595651725947299 0.71737890625
0.521 0.35948326528188357 0.7371484375
0.547 0.2877055330804539 0.7531640625
0.574 0.2527111185786807 0.765421875
0.600 0.21991351002660606 0.77527734375
