0.100 0.5112447895864847 0.028765625
0.126 0.4631307818151882 0.03591796875
0.153 0.4662058632521632 0.0428125
0.179 0.4437355000223977 0.048609375
0.205 0.3658921771832593 0.05295703125
0.232 0.3825306980323561 0.05868359375
0.258 0.35136927849668415 0.06205859375
0.284 0.35052578921680433 0.06748828125
0.311 0.3384989858935933 0.0686875
0.337 0.3327045358575431 0.07387890625
0.363 0.322505226965463 0.07759765625
0.389 0.32433403824034746 0.0793203125
0.416 0.30759274912413603 0.08130859375
0.442 0.28465663649215506 0.08548828125
0.468 0.3022519190448654 0.08819140625
0.495 0.3019620824952771 0.0905234375
0.521 0.28878836814951425 0.0923046875
0.547 0.28536267265952137 0.09453515625
0.574 0.2963343827928756 0.09600390625
0.600 0.2681690221241034 0.09915625
