0.100 1.3598226185142614 0.00290625
0.126 1.0954164619917874 0.00387109375
0.153 1.6055425512066845 0.00791796875
0.179 2.0686427262959612 0.013
0.205 3.0183611922485523 0.02937109375
0.232 3.618279357982977 0.05375
0.258 3.968167092433484 0.0980546875
0.284 3.873045833986408 0.15819140625
0.311 3.3511625513044763 0.22091015625
0.337 2.920787521327916 0.28105078125
0.363 2.3250605818222927 0.333453125
0.389 1.799991535615688 0.38708984375
0.416 1.4516738079876301 0.42412109375
0.442 1.1249782199367082 0.4685546875
0.468 1.0017104278313578 0.490203125
0.495 0.7443735373371642 0.526484375
0.521 0.633116152442338 0.5523671875
0.547 0.535706263691572 0.57371875
0.574 0.4641894479324212 0.59030859375
0.600 0.4107492583506947 0.60341796875
