0.100 1.138753114111779 0.002284375
0.126 1.3268901422194828 0.003540625
0.153 1.4910936636413583 0.005990625
0.179 2.041403534596669 0.011346875
0.205 3.1989532308045567 0.025009375
0.232 3.8771299996040263 0.044
0.258 5.428042885412518 0.087521875
0.284 5.86547767104806 0.14905625
0.311 5.429567237145806 0.225878125
0.337 3.988593550359726 0.313965625
0.363 3.2339154270276547 0.3698125
0.389 2.2258990377100565 0.4312125
0.416 1.7095552348019827 0.48109375
0.442 1.2134100227949076 0.52533125
0.468 0.9442744885368934 0.5561625
0.495 0.7769637107853937 0.58451875
0.521 0.6450628258837755 0.599903125
0.547 0.5305149280990452 0.62774375
0.574 0.4168529219981905 0.64751875
0.600 0.37713525421052435 0.660140625
