0.100 1.1226377599753334 0.002578125
0.126 1.2015668547486857 0.00393125
0.153 1.4537167259413672 0.0060875
0.179 2.087547068317235 0.011503125
0.205 2.6270612900223598 0.0210875
0.232 3.26510638509494 0.0376375
0.258 4.281919337537759 0.06998125
0.284 4.283133471281778 0.1070625
0.311 4.227386429108295 0.1821375
0.337 3.9299066609523408 0.234359375
0.363 3.341907803551706 0.286403125
0.389 2.5497395326846317 0.339903125
0.416 1.9177427122005057 0.391409375
0.442 1.4087058673214066 0.44078125
0.468 1.2205375842647819 0.4652875
0.495 0.9541373106505608 0.49230625
0.521 0.7489950012079776 0.524596875
0.547 0.6483823326642792 0.544284375
0.574 0.5503019113284416 0.564903125
0.600 0.4695372516665426 0.582784375
