0.100 0.7447097335594322 0.0178625
0.126 0.6091961414218768 0.0226875
0.153 0.6360837003162572 0.0269375
0.179 0.6405412460993147 0.031859375
0.205 0.5538096171782227 0.0350625
0.232 0.5474644436219771 0.038609375
0.258 0.5143610554309389 0.04305
0.284 0.5227928498829898 0.045203125
0.311 0.5230838145986246 0.04826875
0.337 0.4781583647752769 0.0520125
0.363 0.5028367000706385 0.053975
0.389 0.4900342647958914 0.05636875
0.416 0.4541172134629702 0.06015625
0.442 0.4666394362274423 0.0616
0.468 0.4518291026478402 0.064434375
0.495 0.42988173135711916 0.066859375
0.521 0.46303211564944824 0.06830625
0.547 0.4485906454177894 0.07040625
0.574 0.44749868573445406 0.071890625
0.600 0.427399055902108 0.074253125
