0.100 1.1402332601547016 0.0147
0.126 1.3906298450577774 0.019778125
0.153 1.5868726449237982 0.026259375
0.179 1.6422621006390792 0.034078125
0.205 1.4800791438272576 0.043015625
0.232 1.5601446436613915 0.057021875
0.258 1.3610478430592399 0.072784375
0.284 1.2898018555442976 0.0873125
0.311 1.2316154972917412 0.104171875
0.337 1.0579424712152588 0.121859375
0.363 0.9591130342002814 0.136809375
0.389 0.8945330246607531 0.154590625
0.416 0.8012962004257476 0.17208125
0.442 0.7123714626834293 0.184434375
0.468 0.6506818765836148 0.197665625
0.495 0.5983698497717761 0.210325
0.521 0.5418723401687782 0.223065625
0.547 0.48488137771161127 0.234321875
0.574 0.4460939363604067 0.244359375
0.600 0.4169644700665624 0.25461875
