0.100 1.476955403906004 0.0025125
0.126 1.5490122208358739 0.003040625
0.153 1.774207518156975 0.00553125
0.179 2.2975679043704904 0.01190625
0.205 2.7482366661504716 0.0214
0.232 4.109739639729995 0.0479875
0.258 5.834634411054566 0.1086
0.284 6.457548582638205 0.186209375
0.311 5.218926012276173 0.28429375
0.337 3.886633673694167 0.36353125
0.363 2.5569478447105345 0.449425
0.389 2.0907297202209807 0.49195625
0.416 1.419088801452508 0.5433
0.442 1.088813978842889 0.58020625
0.468 0.8039388574057755 0.61535625
0.495 0.6721519766883799 0.6365375
0.521 0.5227475212887404 0.659328125
0.547 0.4367475238951298 0.673546875
0.574 0.3820020623029571 0.69190625
0.600 0.3324104572937205 0.701396875
