0.100 1.0514285122553702 0.002690625
0.126 1.0491628942486433 0.003521875
0.153 1.6966167116677489 0.006421875
0.179 1.8508804578974551 0.01081875
0.205 2.695390567607736 0.020359375
0.232 3.348817979879396 0.040959375
0.258 4.284674847170547 0.073134375
0.284 4.882655047256305 0.133190625
0.311 4.927178140971505 0.191159375
0.337 3.946967693593302 0.257271875
0.363 3.0067437993391697 0.33125
0.389 2.359723119639661 0.3906625
0.416 1.8509535651795688 0.43251875
0.442 1.3560597871294724 0.4754625
0.468 1.0584757138899321 0.510390625
0.495 0.8844259112203515 0.53933125
0.521 0.726225276698252 0.561965625
0.547 0.6087839904384127 0.5806375
0.574 0.5000148536059997 0.6046375
0.600 0.4104683862739201 0.623159375
