0.100 0.8935109861795354 0.002534375
0.126 1.3539884321412097 0.00444375
0.153 1.6179310553492374 0.006465625
0.179 1.6191398899312983 0.00910625
0.205 2.2564432055499846 0.019021875
0.232 3.063533973690323 0.03548125
0.258 3.5787543019698598 0.060309375
0.284 3.915669718593594 0.097103125
0.311 3.762732437847282 0.137196875
0.337 3.557170328588844 0.18093125
0.363 3.005257815948898 0.237165625
0.389 2.4166360585153823 0.285884375
0.416 1.963301960786484 0.33175
0.442 1.5973652410382768 0.365140625
0.468 1.2585260090877777 0.405584375
0.495 1.0456060136852794 0.427746875
0.521 0.8391429675852459 0.463046875
0.547 0.7613030803185741 0.478121875
0.574 0.6228241563364403 0.504215625
0.600 0.5725462977976399 0.515625
