0.100 0.8735711062814744 0.0148875
0.126 0.7570283565695939 0.01835625
0.153 0.8231708951156987 0.021665625
0.179 0.8060872739563107 0.025734375
0.205 0.6968678026888054 0.028375
0.232 0.7180838236264955 0.031496875
0.258 0.6185714332890851 0.0346875
0.284 0.6126873235660476 0.037990625
0.311 0.5824133094632892 0.040521875
0.337 0.5585994213927653 0.04258125
0.363 0.5546338223280027 0.045396875
0.389 0.5393376988230731 0.04816875
0.416 0.5886126469295332 0.05013125
0.442 0.5395879608206847 0.052575
0.468 0.5146418133515738 0.05445625
0.495 0.5191506824020189 0.05608125
0.521 0.5526762266142008 0.05864375
0.547 0.5093821993993888 0.061025
0.574 0.48071108380702254 0.062921875
0.600 0.449216013876159 0.06395
