0.100 1.6350367652815123 0.001925
0.126 1.4640327073151422 0.003121875
0.153 1.8778085718860311 0.004959375
0.179 2.2201842957415594 0.01160625
0.205 3.1658979286204656 0.026009375
0.232 5.440262211845001 0.0615125
0.258 7.321405798915859 0.134296875
0.284 7.511566297631214 0.2424125
0.311 5.7080378142153965 0.34660625
0.337 3.7744044650077186 0.45110625
0.363 2.305440708564718 0.519696875
0.389 1.579079467366396 0.569075
0.416 1.118646124830612 0.61235625
0.442 0.7649253035906456 0.65536875
0.468 0.6220747251237501 0.676
0.495 0.48051921226553873 0.700184375
0.521 0.4023373494759703 0.720353125
0.547 0.34185489194753593 0.735940625
0.574 0.29803930126678246 0.748034375
0.600 0.2342695101645626 0.761409375
