0.100 0.7483034988621284 0.0072375
0.126 0.7222870156935911 0.00876875
0.153 0.8133569958488966 0.01045625
0.179 0.8896407495357744 0.012253125
0.205 0.721255711489675 0.01345
0.232 0.7390704489218786 0.015478125
0.258 0.7523595052921123 0.01716875
0.284 0.7359333583411363 0.01865625
0.311 0.7237657565563314 0.02041875
0.337 0.7233951084527167 0.021934375
0.363 0.7187092889877499 0.023715625
0.389 0.7076756147299643 0.02473125
0.416 0.6769521976908963 0.025646875
0.442 0.7248573218371139 0.027640625
0.468 0.7212655811026149 0.029909375
0.495 0.6954355444605456 0.03013125
0.521 0.667469828084158 0.031928125
0.547 0.7238030540998852 0.03420625
0.574 0.700866436067852 0.03566875
0.600 0.6636123875642141 0.037025
