0.100 0.8282466068294525 0.013096875
0.126 1.0350371622988388 0.016196875
0.153 0.679525145327446 0.018953125
0.179 0.7697539273211221 0.02208125
0.205 0.6951384775286762 0.025903125
0.232 0.811060488863536 0.027946875
0.258 0.7587462860435561 0.031871875
0.284 0.6639569077576074 0.033025
0.311 0.7013826341974418 0.036334375
0.337 0.7431241859545998 0.0388625
0.363 0.5917291876157427 0.04035625
0.389 0.5969530402598562 0.043628125
0.416 0.60637356345397 0.045878125
0.442 0.5485264975740556 0.046528125
0.468 0.5477662375973958 0.049371875
0.495 0.5505826033358967 0.052228125
0.521 0.5850943679152102 0.053703125
0.547 0.5365318912527429 0.054090625
0.574 0.5450756599283278 0.05796875
0.600 0.49955341841557377 0.05884375
