0.100 0.6663492073323596 0.000965625
0.126 1.2682636569423478 0.001403125
0.153 2.58464678989931 0.0068375
0.179 2.93864638626754 0.017828125
0.205 9.561703992657113 0.072571875
0.232 12.634780123176004 0.185703125
0.258 9.783963394786007 0.443953125
0.284 4.693760745582189 0.586825
0.311 2.6957726024310964 0.67914375
0.337 1.0889420014426148 0.748565625
0.363 0.9113136111149233 0.7809375
0.389 0.45886119595711533 0.815475
0.416 0.3439417254364653 0.832996875
0.442 0.26575842574503833 0.849740625
0.468 0.21113932526875936 0.861296875
0.495 0.16769628265413364 0.87471875
0.521 0.14596635522637613 0.8800625
0.547 0.12545052165811862 0.889109375
0.574 0.10182285873696213 0.8956875
0.600 0.0858735612914176 0.90075
