0.100 0.801253945889755 0.016575
0.126 0.7018854245051386 0.020175
0.153 0.6850730858220849 0.0247875
0.179 0.6015831972611074 0.0278
0.205 0.6164676480491542 0.032790625
0.232 0.5817770739332523 0.035196875
0.258 0.6097623570897228 0.0390625
0.284 0.5496981257950648 0.041265625
0.311 0.5403215323118354 0.0454875
0.337 0.5323173709776501 0.047525
0.363 0.505684381115841 0.0497625
0.389 0.48861543066616664 0.052103125
0.416 0.4925886280413681 0.054565625
0.442 0.4897917681978764 0.05814375
0.468 0.48892525930753783 0.05854375
0.495 0.4785210200237785 0.061815625
0.521 0.47598961756097885 0.06404375
0.547 0.47979196983796585 0.06579375
0.574 0.4579382987547114 0.067996875
0.600 0.46261461584676694 0.0693875
