0.100 1.331113037163476 0.00145625
0.126 1.3839816182793019 0.002196875
0.153 1.6044982561492998 0.00496875
0.179 2.3094774604064368 0.0114875
0.205 5.00314921663498 0.0363125
0.232 7.969082220783465 0.101525
0.258 9.294453334876442 0.218146875
0.284 7.320139408376805 0.346059375
0.311 4.454349931436481 0.4846875
0.337 2.154589566506068 0.58
0.363 1.6076822557527746 0.623790625
0.389 0.9157989845250473 0.682025
0.416 0.8161748375320907 0.70319375
0.442 0.5552063876765381 0.734903125
0.468 0.4422272939050777 0.75909375
0.495 0.35252535497486787 0.776121875
0.521 0.2633067110293459 0.7926375
0.547 0.2215285950354653 0.80491875
0.574 0.20269532433683013 0.81379375
0.600 0.16898844254423467 0.82314375
