0.100 0.6878023500081554 0.011259375
0.126 0.7976376851711622 0.01425625
0.153 0.7674391375323666 0.0166
0.179 0.7006087502268965 0.019125
0.205 0.6779512643109826 0.021315625
0.232 0.750937645777306 0.02506875
0.258 0.7618512684143742 0.02695625
0.284 0.7719592557937753 0.029934375
0.311 0.6916792889080818 0.031740625
0.337 0.7418134657007468 0.034715625
0.363 0.6422314087885764 0.036
0.389 0.6885846543263661 0.039578125
0.416 0.6704597365114446 0.04134375
0.442 0.6243962522134272 0.043353125
0.468 0.6371775671920507 0.046478125
0.495 0.6036430162221724 0.047171875
0.521 0.5918404264900737 0.04811875
0.547 0.5832111065705698 0.050965625
0.574 0.5785901188649772 0.05189375
0.600 0.5235458264518024 0.05450625
