0.100 0.7259668570327449 0.00804375
0.126 0.6516468418873418 0.009521875
0.153 0.7535096406349082 0.011653125
0.179 0.6782228263593393 0.013246875
0.205 0.8677930435572254 0.015428125
0.232 0.6674129849977053 0.016809375
0.258 0.6754199636361293 0.018534375
0.284 0.7215189137344539 0.020690625
0.311 0.7721568396223135 0.02293125
0.337 0.7306885803702429 0.02424375
0.363 0.7753372284376259 0.0265625
0.389 0.8031524701040424 0.028428125
0.416 0.691687886208898 0.02930625
0.442 0.731913111860081 0.0315875
0.468 0.711869808502633 0.03218125
0.495 0.7224727481678128 0.0351125
0.521 0.7155300964578207 0.03683125
0.547 0.7336133668071078 0.03833125
0.574 0.7380889344975355 0.038684375
0.600 0.6591213423295076 0.041340625
