0.100 0.8438928993146533 0.0087125
0.126 0.8238375450300106 0.011278125
0.153 0.7550039877010125 0.01310625
0.179 0.6821492937901803 0.01511875
0.205 0.7888145078670897 0.017284375
0.232 0.6885087257103855 0.019646875
0.258 0.8949901313578023 0.021078125
0.284 0.7663635827365833 0.02299375
0.311 0.6978285101292129 0.0248125
0.337 0.7752593848159929 0.02745
0.363 0.7487756779824905 0.02945
0.389 0.7145746709782627 0.03130625
0.416 0.7319397607960267 0.033509375
0.442 0.746302248323894 0.034803125
0.468 0.6406479805009574 0.03651875
0.495 0.6325106630513877 0.037475
0.521 0.6401778840482992 0.04034375
0.547 0.614791575545748 0.04195625
0.574 0.7099798550452938 0.042796875
0.600 0.6096052953647461 0.044396875
