0.100 0.8471428060606456 0.002553125
0.126 1.3200846122793894 0.004115625
0.153 1.1987636905152215 0.005528125
0.179 1.7643959915855416 0.010609375
0.205 2.328889988153215 0.018471875
0.232 2.884792043854146 0.033159375
0.258 3.8110818256010157 0.06155
0.284 4.343019065768628 0.10601875
0.311 4.340348590834916 0.152303125
0.337 3.7185682625505754 0.201878125
0.363 3.1055137846773673 0.256578125
0.389 2.4871258408086874 0.31383125
0.416 2.0516209872082496 0.346315625
0.442 1.5538372906355484 0.394371875
0.468 1.2140588288053193 0.431825
0.495 1.0036862625675906 0.46255
0.521 0.7891193307825126 0.493715625
0.547 0.7090221321572213 0.506884375
0.574 0.6062260309512604 0.530759375
0.600 0.5002745119959376 0.5483875
