0.100 0.762332068869398 0.00998125
0.126 0.7568704214514721 0.011990625
0.153 0.6724237485015826 0.014465625
0.179 0.7078465653904785 0.0165125
0.205 0.79994191695499 0.019571875
0.232 0.7416419279814793 0.021421875
0.258 0.7398929587709422 0.02425
0.284 0.6881570567243238 0.025740625
0.311 0.7842168610759709 0.028184375
0.337 0.7604922552515971 0.031003125
0.363 0.6600869884190316 0.03320625
0.389 0.7683058667434524 0.03488125
0.416 0.7225169357495689 0.036234375
0.442 0.6739714459782252 0.0396375
0.468 0.6550710825300039 0.040496875
0.495 0.6821418184656387 0.0411375
0.521 0.6620317597074307 0.0449375
0.547 0.6205898303922378 0.046184375
0.574 0.5809997399808167 0.047040625
0.600 0.6194845118132225 0.049984375
