0.100 1.3110268729358647 0.008703125
0.126 1.0121463846089904 0.012208333333333333
0.153 0.8119446049312513 0.014528645833333333
0.179 0.6868170112091279 0.0172890625
0.205 0.7121927756291323 0.0197578125
0.232 0.6100676190886122 0.0224921875
0.258 0.6437219737573642 0.023994791666666668
0.284 0.6355231639314413 0.0268984375
0.311 0.5632411416329779 0.028463541666666668
0.337 0.6506381150411862 0.030940104166666666
0.363 0.5654380927810695 0.03259375
0.389 0.5463879650582452 0.034666666666666665
0.416 0.530611209235569 0.03729427083333333
0.442 0.5646075049951318 0.0391015625
0.468 0.5098600840694693 0.04038541666666667
0.495 0.5089453216355232 0.041755208333333335
0.521 0.5324950213986634 0.0437734375
0.547 0.5206766633887315 0.04554947916666666
0.574 0.477650614696632 0.046572916666666665
0.600 0.5023672274918943 0.04859375
