0.100 2.5788271631059936 0.0021901041666666666
0.126 1.4486600943648724 0.0031979166666666666
0.153 1.6499445053149397 0.004458333333333333
0.179 1.933968487496056 0.0088984375
0.205 2.759349157510627 0.01975
0.232 4.224381609741647 0.04138541666666667
0.258 5.542414578315573 0.07741145833333334
0.284 7.376742312033591 0.13224739583333334
0.311 6.688174620696863 0.2292265625
0.337 4.806786199939185 0.3338671875
0.363 3.4880252448600237 0.40567447916666666
0.389 2.559508257717184 0.465359375
0.416 1.8756220977732114 0.5168046875
0.442 1.2087800824853057 0.5606432291666666
0.468 0.9593125892322849 0.5902864583333334
0.495 0.7154579188900528 0.6231041666666667
0.521 0.5508296024573628 0.6455989583333334
0.547 0.44143603430829853 0.6646953125
0.574 0.41951636057699176 0.67821875
0.600 0.3423724543744621 0.6927890625
