0.100 1.3572431276685393 0.008471354166666667
0.126 1.4080526394041726 0.011575520833333333
0.153 1.361046859111773 0.016013020833333332
0.179 1.093454117374969 0.020190104166666667
0.205 1.0127414473780354 0.023390625
0.232 0.8427056351836083 0.027114583333333334
0.258 0.7793074407272154 0.030466145833333333
0.284 0.7111095212583861 0.032986979166666666
0.311 0.6297544276517592 0.036020833333333335
0.337 0.6325209260800752 0.03828125
0.363 0.5697843619586641 0.0405
0.389 0.5500582308943956 0.0423515625
0.416 0.5116361872319389 0.044330729166666666
0.442 0.5257226446451303 0.046875
0.468 0.5157458396518964 0.049403645833333336
0.495 0.4715862911337159 0.05146875
0.521 0.4751311019656323 0.0524765625
0.547 0.4893803458194097 0.054427083333333334
0.574 0.45261351030748115 0.055591145833333334
0.600 0.4564970654176003 0.05788541666666667
