0.100 1.027010766883052 0.0022838541666666667
0.126 0.9853634062823944 0.0033229166666666667
0.153 1.4410501508629137 0.00528125
0.179 1.7037855522376242 0.009049479166666667
0.205 2.0727694942648562 0.014375
0.232 3.0281454244186112 0.02728125
0.258 3.7234306953414458 0.05323177083333333
0.284 4.775275733882547 0.0889140625
0.311 4.896330321131357 0.13839583333333333
0.337 4.633947842609966 0.20130729166666667
0.363 3.7770979830151283 0.2700625
0.389 3.064508147478915 0.3214609375
0.416 2.290051602762007 0.36916666666666664
0.442 1.7971736895721326 0.41041666666666665
0.468 1.3479080789613456 0.4468802083333333
0.495 1.1123146980917695 0.48018229166666665
0.521 0.9203688374950257 0.5107786458333333
0.547 0.7587059234614556 0.5263463541666666
0.574 0.6001507715646248 0.5488723958333334
0.600 0.5089994158825417 0.5682838541666667
