0.100 0.6194168969694639 0.0043984375
0.126 0.6439165039967504 0.0059296875
0.153 0.7181305203761136 0.007252604166666667
0.179 0.8137009699926058 0.008466145833333332
0.205 0.6760306929966563 0.0092421875
0.232 0.7105967407981102 0.010591145833333333
0.258 0.7605687669265121 0.012328125
0.284 0.5996081522575529 0.0130546875
0.311 0.681058435384123 0.014260416666666666
0.337 0.6655287804582803 0.015979166666666666
0.363 0.6581295506910092 0.017065104166666668
0.389 0.6019633362596818 0.018234375
0.416 0.6420404412632602 0.019080729166666668
0.442 0.6181196150813281 0.019200520833333335
0.468 0.6165535898352156 0.021302083333333333
0.495 0.6072792228336504 0.021864583333333333
0.521 0.6420427730550796 0.023434895833333334
0.547 0.6094189880390242 0.024479166666666666
0.574 0.6292823584574655 0.025447916666666667
0.600 0.5915481050137625 0.027122395833333333
