0.100 0.7730057449056934 0.0087578125
0.126 0.6453172017361442 0.0111328125
0.153 0.6156515981080896 0.013385416666666667
0.179 0.7171879193328872 0.015236979166666666
0.205 0.6036685567710242 0.017825520833333334
0.232 0.6587914347746626 0.0195859375
0.258 0.6538135239178955 0.022299479166666667
0.284 0.6491356061001459 0.023565104166666666
0.311 0.6210225914578215 0.026065104166666665
0.337 0.6405749197567701 0.02784375
0.363 0.5929687263246428 0.030458333333333334
0.389 0.5714427897352191 0.031408854166666667
0.416 0.5466983800814544 0.03225
0.442 0.627033626950078 0.0355390625
0.468 0.5162832555876621 0.0358515625
0.495 0.5643481265085185 0.03834114583333333
0.521 0.5138290063348011 0.040341145833333335
0.547 0.527992132540484 0.04143229166666667
0.574 0.5097992887849424 0.0429296875
0.600 0.5071172756410739 0.04506770833333333
