0.100 0.7358842261017647 0.006510416666666667
0.126 0.7266041452178902 0.008278645833333334
0.153 0.680779127774085 0.010450520833333332
0.179 0.6866441975169457 0.0120390625
0.205 0.7052681947720791 0.014013020833333334
0.232 0.6833927527972176 0.015450520833333333
0.258 0.661344390068062 0.017096354166666668
0.284 0.6169399179462016 0.018375
0.311 0.6597584265506539 0.02015625
0.337 0.5983220245950477 0.021661458333333335
0.363 0.598264162810239 0.023919270833333332
0.389 0.6082984591763586 0.0252421875
0.416 0.6194349225416362 0.026013020833333334
0.442 0.6008632348987483 0.0270546875
0.468 0.5835421333404214 0.029380208333333335
0.495 0.5869665190996339 0.03090625
0.521 0.5699337004059385 0.0326640625
0.547 0.5370507198045154 0.0336875
0.574 0.5730218819454828 0.034606770833333335
0.600 0.5347833794324686 0.03619270833333333
