0.100 1.1386979258832735 0.0024010416666666668
0.126 1.3434561637220785 0.003395833333333333
0.153 1.2674252900128058 0.004588541666666667
0.179 1.8542362603452507 0.0079140625
0.205 2.1408483968015086 0.014450520833333333
0.232 3.4728999486296885 0.031091145833333333
0.258 4.467457301240128 0.05936197916666667
0.284 4.858542174970346 0.09876302083333334
0.311 5.506745381256182 0.16328125
0.337 4.869812996113883 0.22953645833333333
0.363 4.209622632008599 0.29667447916666667
0.389 2.9459262021239865 0.3621171875
0.416 2.068575934603442 0.4122838541666667
0.442 1.6681546408931647 0.45260677083333334
0.468 1.3205906944228472 0.48575
0.495 1.0215154685622754 0.5149348958333333
0.521 0.7928908793339229 0.5463697916666667
0.547 0.6414880486671982 0.5658463541666666
0.574 0.5531968979315275 0.5876067708333333
0.600 0.4707409412494267 0.6012994791666667
