0.100 0.7568798139137319 0.006005208333333334
0.126 0.8296182590630417 0.007666666666666666
0.153 0.6506285245836347 0.008864583333333334
0.179 0.6585344036601332 0.010630208333333334
0.205 0.6486454256766554 0.011877604166666667
0.232 0.6992967987004906 0.013580729166666666
0.258 0.6686851140553257 0.0151953125
0.284 0.6643554179302172 0.016424479166666665
0.311 0.6217993941733657 0.01753125
0.337 0.6522475345685296 0.0188515625
0.363 0.6427001434970466 0.020614583333333332
0.389 0.6096811840645455 0.022421875
0.416 0.6218840320985587 0.023317708333333333
0.442 0.6137794793397938 0.025377604166666668
0.468 0.5888104476361348 0.026567708333333332
0.495 0.5904313787643161 0.026630208333333332
0.521 0.5765512888977483 0.0287421875
0.547 0.5951130414380772 0.030885416666666665
0.574 0.569415730657609 0.031515625
0.600 0.5658115323781132 0.032588541666666665
