0.100 1.9225799381471138 0.0016927083333333334
0.126 1.4712128075281974 0.0024453125
0.153 1.238839631036716 0.0036770833333333334
0.179 1.8424897967652285 0.007703125
0.205 3.1206345428041895 0.020822916666666667
0.232 4.710424251689467 0.0443515625
0.258 7.428856735295908 0.09415364583333333
0.284 8.815896624148445 0.19590625
0.311 7.09306407632599 0.3083828125
0.337 4.344117810927883 0.41740364583333334
0.363 2.900699033753451 0.49128125
0.389 1.8288658947354792 0.5517526041666667
0.416 1.237542251143928 0.597078125
0.442 0.9844014755869394 0.6323333333333333
0.468 0.6629983386981929 0.6640755208333333
0.495 0.5877394210485088 0.6820546875
0.521 0.44163015415203954 0.7071666666666667
0.547 0.36609729701953425 0.7230572916666667
0.574 0.3099466435438502 0.7345208333333333
0.600 0.2606801742386898 0.7484609375
