0.100 1.092612012770644 0.0024817708333333332
0.126 1.3399152379432264 0.0037526041666666667
0.153 1.4344693472627785 0.005869791666666666
0.179 2.1591896490615246 0.0093671875
0.205 2.4001024374364137 0.015278645833333333
0.232 2.5469078443908586 0.026526041666666667
0.258 3.462109982838882 0.04325260416666667
0.284 4.474985098038836 0.08293489583333333
0.311 4.692417780944391 0.12249479166666667
0.337 4.643180188702498 0.17279947916666666
0.363 3.897634712954346 0.23445052083333334
0.389 3.0774063665426046 0.2841328125
0.416 2.3206681328704826 0.3376927083333333
0.442 1.7469804621398959 0.37755208333333334
0.468 1.4892049186149265 0.40910677083333336
0.495 1.1747575986860266 0.44147395833333336
0.521 0.9799619966370406 0.4669947916666667
0.547 0.8200256222199664 0.4931796875
0.574 0.661149243791435 0.5138151041666666
0.600 0.5798576032813233 0.5327109375
