0.100 1.3423431912428896 0.0027526041666666667
0.126 1.1744619403966385 0.0037526041666666667
0.153 1.3598946722199932 0.005934895833333334
0.179 1.74278011279561 0.008604166666666666
0.205 2.0249474738229383 0.014203125
0.232 3.1084483326841443 0.028330729166666666
0.258 3.266299072538432 0.041919270833333334
0.284 4.233798903195832 0.07898958333333334
0.311 4.155059057313104 0.11452083333333334
0.337 4.127456911055994 0.15963020833333333
0.363 3.5961077562820827 0.21831510416666666
0.389 3.0022790416498135 0.2610078125
0.416 2.534995100752591 0.307828125
0.442 1.9651083384588117 0.3404036458333333
0.468 1.52460864440622 0.38141145833333334
0.495 1.2395368461498177 0.41004427083333334
0.521 1.0221059453040513 0.435875
0.547 0.8256903305494697 0.46262760416666665
0.574 0.7047883039832636 0.4822708333333333
0.600 0.6154890021449106 0.5038125
