0.100 0.7079586736532898 0.008223958333333333
0.126 0.6736590454972086 0.009677083333333333
0.153 0.7658721115266743 0.011830729166666666
0.179 0.654677888294002 0.0138984375
0.205 0.6387392846002992 0.015520833333333333
0.232 0.6682229058094146 0.017908854166666665
0.258 0.6041203481863143 0.0196953125
0.284 0.6318689821316632 0.020640625
0.311 0.6190261286257853 0.022658854166666666
0.337 0.6263955937847585 0.024578125
0.363 0.6223170258325182 0.026286458333333332
0.389 0.6103327391108974 0.028013020833333332
0.416 0.583855031213331 0.029802083333333333
0.442 0.5786520345545734 0.031325520833333335
0.468 0.5770397263679158 0.032427083333333336
0.495 0.5711878506211651 0.03430729166666667
0.521 0.5185634151252416 0.0358359375
0.547 0.5362104842832555 0.03676302083333333
0.574 0.5392343806459743 0.0384609375
0.600 0.5157355292603828 0.039716145833333334
