0.100 1.373160787311889 0.0021614583333333334
0.126 1.2688595459284475 0.0033046875
0.153 1.6612970757656305 0.004934895833333334
0.179 1.873441398102855 0.00915625
0.205 2.5221495109567336 0.017229166666666667
0.232 3.575511128859743 0.03353125
0.258 5.16492648964135 0.065828125
0.284 6.167642440649669 0.11844791666666667
0.311 5.8490461512860845 0.1829921875
0.337 4.923893445829088 0.2743307291666667
0.363 3.8025063498905998 0.35128125
0.389 2.578651247073899 0.410484375
0.416 2.1136376326586346 0.45811979166666666
0.442 1.3210827132270042 0.5066276041666666
0.468 1.0845795364858446 0.5347838541666666
0.495 0.8513597914064829 0.5650911458333333
0.521 0.7183370031028585 0.5898463541666666
0.547 0.5740925801926774 0.6101901041666666
0.574 0.45914699643717566 0.6334036458333333
0.600 0.4066663765586546 0.6471354166666666
