0.100 0.7628523113031823 0.005333333333333333
0.126 0.7465252512494195 0.006526041666666667
0.153 0.698381642622174 0.008247395833333334
0.179 0.6731932339159933 0.009669270833333334
0.205 0.7624678283099219 0.0106953125
0.232 0.6707107530461007 0.012111979166666667
0.258 0.6387670827247619 0.01328125
0.284 0.6809670820964299 0.014921875
0.311 0.6436695280585086 0.016002604166666667
0.337 0.606781874461583 0.017359375
0.363 0.6416875209834966 0.0182109375
0.389 0.6626451456095673 0.019630208333333333
0.416 0.6057973967430267 0.020494791666666668
0.442 0.650429093000655 0.022518229166666667
0.468 0.65008924058611 0.024057291666666668
0.495 0.6062574939600833 0.024822916666666667
0.521 0.5668873779643547 0.026059895833333332
0.547 0.5802575250844445 0.027153645833333333
0.574 0.6238079807060956 0.0283671875
0.600 0.5961376467707385 0.029432291666666666
