0.100 1.2104235814431281 0.005075520833333333
0.126 1.4709139606933406 0.0070390625
0.153 1.6839096137672964 0.0104609375
0.179 1.960135126512176 0.015369791666666667
0.205 2.0129931723993044 0.024752604166666668
0.232 1.9772877209131592 0.032505208333333334
0.258 1.891008762848269 0.04367447916666667
0.284 1.9953632107572161 0.06315364583333333
0.311 1.7776944135677855 0.08202083333333333
0.337 1.4792773484961783 0.09883072916666667
0.363 1.422164519106725 0.11287239583333333
0.389 1.2239245254820865 0.12875
0.416 1.0800031624389042 0.14358854166666668
0.442 0.9399078131696244 0.1578125
0.468 0.8462649321755861 0.17296875
0.495 0.7365797920972269 0.18729166666666666
0.521 0.6658371577707377 0.19979427083333334
0.547 0.5764918049248154 0.20925520833333333
0.574 0.5425306602119359 0.21946614583333332
0.600 0.49092436947289925 0.23137760416666667
