0.100 7.2674552679202975 0.0014453125
0.126 1.1632951390894293 0.0017239583333333334
0.153 2.107198324534361 0.004375
0.179 2.1707552683620035 0.008817708333333334
0.205 4.388966901450004 0.0281484375
0.232 7.314976290902184 0.07035677083333333
0.258 11.25161621439861 0.1566953125
0.284 9.845571960292713 0.3043828125
0.311 6.038385559168691 0.4351015625
0.337 3.509216460907074 0.5319505208333334
0.363 1.8916650154200594 0.6094947916666666
0.389 1.084964723510884 0.658953125
0.416 0.8691597931718232 0.6924401041666667
0.442 0.6414195033306078 0.7282109375
0.468 0.4575554399703677 0.7479166666666667
0.495 0.3752738209633342 0.7646875
0.521 0.332837567376763 0.7782265625
0.547 0.2451025093503538 0.7935442708333333
0.574 0.22226690170583277 0.8049140625
0.600 0.1722654337341084 0.81740625
