0.100 1.281684696324703 0.008083333333333333
0.126 1.3906429636247177 0.0119140625
0.153 1.0585088943631698 0.0157734375
0.179 0.9067396505469959 0.019026041666666667
0.205 0.833725887504023 0.022119791666666666
0.232 0.7373221501041236 0.025098958333333334
0.258 0.6714908824291159 0.026953125
0.284 0.669593891704355 0.0297734375
0.311 0.5853102476958817 0.032614583333333336
0.337 0.6058470638383612 0.034854166666666665
0.363 0.5438836582315006 0.036497395833333335
0.389 0.5813414517731976 0.0387421875
0.416 0.5219482722454591 0.040591145833333335
0.442 0.5316193615306303 0.042515625
0.468 0.4671187852514198 0.044708333333333336
0.495 0.5052927738987835 0.047075520833333336
0.521 0.4658874009644054 0.048942708333333335
0.547 0.47227472355052663 0.05047395833333333
0.574 0.481594862749434 0.05152864583333333
0.600 0.4872841091705251 0.05334375
