0.100 19.85140410507545 0.00084375
0.126 1.7336791383887584 0.0012734375
0.153 1.6278719851991685 0.003895833333333333
0.179 2.682824100154789 0.009572916666666667
0.205 5.601830580451394 0.0495234375
0.232 16.795637300857546 0.188296875
0.258 14.38007433999586 0.38565364583333334
0.284 6.9700650514071 0.5531588541666667
0.311 3.226465889064031 0.6537552083333333
0.337 1.408536756918334 0.7287239583333334
0.363 0.8252229161143921 0.7720572916666667
0.389 0.6048275838900548 0.7977447916666667
0.416 0.4165050733027668 0.8220026041666667
0.442 0.3186377507569714 0.8384270833333334
0.468 0.23254621303930004 0.8542604166666666
0.495 0.17670834156268814 0.8685729166666667
0.521 0.14569430256703245 0.8772526041666666
0.547 0.13322553934322476 0.8836640625
0.574 0.1096667767118117 0.8918385416666667
0.600 0.0862925814804902 0.8995755208333334
