0.100 4.49254977590629 0.0005089285714285714
0.126 2.0210520786823616 0.0006741071428571429
0.153 1.863998457930474 0.0007075892857142857
0.179 3.003092858430619 0.0056875
0.205 9.800852773082182 0.04049330357142857
0.232 15.931895735845476 0.08477008928571429
0.258 15.49908851640824 0.3039308035714286
0.284 7.394287895265881 0.5409709821428571
0.311 3.7584994550589177 0.64709375
0.337 1.914383510820242 0.7044598214285714
0.363 0.8339471796547253 0.7691763392857143
0.389 0.6098430135321377 0.7941473214285715
0.416 0.4105870405748209 0.8178861607142857
0.442 0.31244942919728563 0.8362678571428571
0.468 0.23220191789681982 0.85146875
0.495 0.1990600345496741 0.8606495535714286
0.521 0.15627004980557982 0.8726941964285714
0.547 0.13196236822496984 0.8822566964285714
0.574 0.10964356228812697 0.8883303571428571
0.600 0.09417285599694485 0.8941941964285715
