0.100 1.3587934710415084 0.0011049107142857143
0.126 1.3277599179486064 0.0012366071428571428
0.153 2.2952715814537368 0.002421875
0.179 3.072563778864997 0.004651785714285714
0.205 3.1249316699921184 0.008602678571428572
0.232 4.071471131414461 0.01927455357142857
0.258 4.133777854530953 0.035691964285714285
0.284 4.089482527827044 0.06168526785714286
0.311 5.106501118590441 0.09411830357142857
0.337 4.586796806681308 0.13818973214285715
0.363 4.14783122045245 0.1856875
0.389 3.6614040155993868 0.23983482142857143
0.416 2.7509926876694233 0.28763169642857145
0.442 2.249468400378431 0.32881919642857144
0.468 1.8493310649799783 0.36030580357142855
0.495 1.4017771993332568 0.3973169642857143
0.521 1.152081274718474 0.42743973214285713
0.547 0.9177283603852047 0.4487924107142857
0.574 0.7598132077501819 0.47564285714285715
0.600 0.6727534728760458 0.4889888392857143
