0.100 0.8892986570458561 0.005174107142857143
0.126 0.814024879644889 0.007091517857142857
0.153 0.8635115231206774 0.00918080357142857
0.179 0.814907901919584 0.010305803571428572
0.205 0.8894113811264355 0.012555803571428572
0.232 0.8816749793663812 0.014386160714285714
0.258 0.8639721337441306 0.0165625
0.284 0.8922117136702442 0.018379464285714287
0.311 0.8206063491970961 0.020334821428571428
0.337 0.7753321713145469 0.020582589285714287
0.363 0.8008539066980908 0.022689732142857143
0.389 0.7704700019823196 0.02375669642857143
0.416 0.7232286902203844 0.025372767857142858
0.442 0.7011495367059402 0.02680580357142857
0.468 0.6568963881165012 0.02813392857142857
0.495 0.6593275258111594 0.029029017857142857
0.521 0.648060216879848 0.030417410714285713
0.547 0.5707484637337775 0.03178125
0.574 0.614330926641237 0.03237723214285714
0.600 0.5616984403779329 0.034113839285714286
