0.100 0.8379496513104608 0.007805803571428571
0.126 0.9750369252340432 0.010580357142857143
0.153 1.0105032358241282 0.014089285714285714
0.179 0.8990130245591763 0.016796875
0.205 0.9768822840518707 0.020629464285714286
0.232 0.9284285692279856 0.023357142857142858
0.258 0.8606349345391624 0.02689955357142857
0.284 0.8404439682615015 0.030082589285714285
0.311 0.7723732785645826 0.034174107142857145
0.337 0.7476535021172 0.03573883928571429
0.363 0.6794810649255505 0.03848660714285714
0.389 0.6595638201389047 0.042174107142857145
0.416 0.5842011088322209 0.04354464285714286
0.442 0.5987093382905322 0.04590625
0.468 0.5542324983254823 0.048497767857142854
0.495 0.5852662244517608 0.050078125
0.521 0.5174079884038968 0.052075892857142855
0.547 0.5140042018603522 0.05305803571428572
0.574 0.47318585549171177 0.05524553571428571
0.600 0.4674960989844643 0.05652901785714286
