0.100 66.37102765608834 0.0012589285714285714
0.126 6.544124210439816 0.0007544642857142857
0.153 2.867483960081013 0.0014174107142857144
0.179 2.650254092831601 0.0029933035714285712
0.205 4.855520002512818 0.011658482142857142
0.232 5.9845136770702565 0.029566964285714287
0.258 7.3746020498382885 0.08413392857142857
0.284 10.14494728580029 0.16061830357142856
0.311 8.337543992225553 0.29218973214285715
0.337 5.898686179834153 0.3769174107142857
0.363 3.6186027481115106 0.47360267857142857
0.389 2.2378291859254777 0.533984375
0.416 1.445377648674715 0.5815446428571428
0.442 0.9874974099883463 0.6191205357142857
0.468 0.8110774332010566 0.6464419642857143
0.495 0.5805320318158264 0.6775535714285714
0.521 0.5530345347558947 0.6955357142857143
0.547 0.38966131518632624 0.7140848214285714
0.574 0.3385979325437173 0.7283861607142857
0.600 0.26123406581120795 0.7411674107142857
