0.100 1.6548190755494423 0.0007879464285714285
0.126 3.3358118301724566 0.000796875
0.153 2.042436340589214 0.0016629464285714286
0.179 2.6597784324012466 0.0035089285714285713
0.205 3.323316281978568 0.007714285714285714
0.232 3.45644284409301 0.019763392857142858
0.258 4.928063050650581 0.048102678571428574
0.284 6.591367182013428 0.08960491071428571
0.311 6.977265291757759 0.1615669642857143
0.337 5.972951912041003 0.24855357142857143
0.363 4.87788463226903 0.3146316964285714
0.389 3.228592397983626 0.3816629464285714
0.416 2.53799824222002 0.4368080357142857
0.442 1.7090049956701683 0.4831941964285714
0.468 1.2443755309237416 0.5219196428571429
0.495 0.9611841128757435 0.5528660714285715
0.521 0.7587077083864509 0.5807723214285714
0.547 0.6337890302723309 0.6008325892857143
0.574 0.5036340533953713 0.623328125
0.600 0.4321250620636718 0.6360848214285715
