0.100 3.9878147948720817 0.0005513392857142858
0.126 1.7812275016609378 0.000796875
0.153 2.1992645814995906 0.0020245535714285712
0.179 3.862823818442585 0.006448660714285714
0.205 3.891414802001285 0.011595982142857142
0.232 5.9239380082602295 0.04582142857142857
0.258 10.968628982810277 0.1169375
0.284 11.488115469381755 0.26480803571428574
0.311 7.701969342586058 0.399578125
0.337 4.269423425740761 0.5160334821428572
0.363 2.1810470266294817 0.5976919642857143
0.389 1.4462930933455806 0.6422120535714285
0.416 1.008231867331154 0.6837611607142857
0.442 0.67318955620059 0.7139308035714286
0.468 0.4843919570400705 0.739359375
0.495 0.3929650340414323 0.7594151785714286
0.521 0.33153579786989795 0.7725647321428571
0.547 0.2683634851582799 0.7888526785714286
0.574 0.21696869193514698 0.8002455357142857
0.600 0.18223123310148084 0.8118080357142857
