0.100 1.154524547061848 0.007941964285714287
0.126 0.8959565588628703 0.010665178571428572
0.153 1.0010195751898157 0.013363839285714286
0.179 0.9626611937306987 0.01631473214285714
0.205 0.8429745104315665 0.019660714285714285
0.232 0.8879570415909199 0.022857142857142857
0.258 0.8614406233148281 0.025857142857142856
0.284 0.8792807619822145 0.02863839285714286
0.311 0.7999723413248986 0.03163169642857143
0.337 0.7347855015112669 0.033875
0.363 0.6453636751426622 0.03639732142857143
0.389 0.6325982512138001 0.03845089285714286
0.416 0.6306771514706362 0.040852678571428575
0.442 0.5995644096405325 0.04295758928571428
0.468 0.6250973617671757 0.04513169642857143
0.495 0.5707147319996662 0.04649776785714286
0.521 0.556410203997125 0.04863616071428571
0.547 0.5282789908971307 0.04969642857142857
0.574 0.5318070664534849 0.051421875
0.600 0.5466127969897221 0.05406473214285714
