0.100 0.9731485583821657 0.007410714285714286
0.126 0.8505177812034378 0.009379464285714286
0.153 0.9190678232171009 0.01224107142857143
0.179 0.89903191193863 0.014477678571428572
0.205 0.89941135272596 0.017801339285714285
0.232 0.8927441547387515 0.019792410714285714
0.258 0.7959689363128184 0.022258928571428572
0.284 0.8334167774503657 0.02484375
0.311 0.7495187885152549 0.028046875
0.337 0.7375820185684991 0.030223214285714287
0.363 0.749603027917584 0.03246651785714286
0.389 0.7252864330615764 0.034191964285714284
0.416 0.5964827739967776 0.03647098214285714
0.442 0.6921957461448072 0.03785714285714286
0.468 0.6446417816034541 0.03925446428571429
0.495 0.5951352641497764 0.04149330357142857
0.521 0.5744000417787484 0.04389285714285714
0.547 0.5432016336668523 0.04433482142857143
0.574 0.5052058862580462 0.045401785714285714
0.600 0.5113467748307203 0.047729910714285714
