0.100 1.4017656823053162 0.0009129464285714285
0.126 3.5312900132574963 0.0013392857142857143
0.153 2.9829000261812495 0.0023794642857142855
0.179 3.0380679024877035 0.004814732142857143
0.205 3.0722870992033937 0.009066964285714286
0.232 3.6082244497260754 0.01881026785714286
0.258 4.110526453535304 0.03717857142857143
0.284 4.703790552978928 0.06266294642857143
0.311 5.069339231179091 0.10318080357142857
0.337 5.009187334223795 0.15803125
0.363 4.746176339834909 0.21193080357142857
0.389 3.518655400125911 0.26793973214285716
0.416 2.7616022699780602 0.31685714285714284
0.442 2.181108153031128 0.3577991071428571
0.468 1.6173105147378795 0.4008236607142857
0.495 1.3519993547268832 0.42277901785714284
0.521 1.076262634356908 0.45762053571428574
0.547 0.8519053295208223 0.4837924107142857
0.574 0.7347728871060034 0.5015736607142857
0.600 0.6263367113279356 0.520203125
