0.100 1.625974082790549 0.0006852678571428572
0.126 1.491116596356798 0.0010044642857142856
0.153 2.501892200532521 0.0021138392857142857
0.179 3.594155272891413 0.0040959821428571425
0.205 3.817823122486798 0.010513392857142857
0.232 5.10551518215521 0.03075
0.258 5.891414673412242 0.059111607142857146
0.284 6.967755512649282 0.11412053571428571
0.311 8.24713962293266 0.21942633928571428
0.337 6.299125048185346 0.29698214285714286
0.363 4.2233099552319375 0.38176785714285716
0.389 3.089153556590232 0.4468303571428571
0.416 1.9296863486933928 0.5017834821428572
0.442 1.5087190858996866 0.5448125
0.468 1.0253153500523413 0.5793638392857143
0.495 0.7903377359733786 0.607953125
0.521 0.6733843273610901 0.6290178571428572
0.547 0.519384888182334 0.6513638392857143
0.574 0.41284918306499546 0.6678370535714285
0.600 0.3637089093818265 0.6851116071428571
