0.100 0.8472945302449781 0.005944196428571429
0.126 0.9979058244968687 0.008044642857142858
0.153 1.0838358951145508 0.009736607142857142
0.179 0.8345360954476818 0.0115
0.205 0.867316517526121 0.013332589285714286
0.232 0.8057361145177169 0.015602678571428571
0.258 0.8213503303027931 0.017267857142857144
0.284 0.800629762982803 0.019870535714285716
0.311 0.7955550515213574 0.021089285714285713
0.337 0.7922688143960591 0.022683035714285715
0.363 0.7687940015335791 0.024890625
0.389 0.7703384844767819 0.026026785714285714
0.416 0.7422164311456012 0.027834821428571428
0.442 0.654945590424971 0.0289375
0.468 0.6798815722865144 0.02963392857142857
0.495 0.5912382912299424 0.031529017857142856
0.521 0.5884602545226273 0.03252901785714286
0.547 0.6535124483052382 0.033620535714285714
0.574 0.5918341677513623 0.03504241071428572
0.600 0.6184419740855046 0.03636383928571429
