0.100 1.0743476752988304 0.007625
0.126 1.0159382624235755 0.009917410714285714
0.153 0.9020872449566317 0.012401785714285714
0.179 0.9767635088705001 0.01559375
0.205 0.9190460668951614 0.018714285714285715
0.232 0.9498492527387379 0.022301339285714285
0.258 0.8393940492868153 0.024493303571428572
0.284 0.796916030719923 0.027098214285714285
0.311 0.7782355030412573 0.029995535714285714
0.337 0.7317108567236905 0.03205357142857143
0.363 0.6927347420693811 0.034736607142857145
0.389 0.6195523455551422 0.03683928571428571
0.416 0.6584354733816538 0.03842633928571428
0.442 0.6177137076274588 0.04110044642857143
0.468 0.615812431607505 0.04189285714285714
0.495 0.5703118801470545 0.044245535714285716
0.521 0.5495250610198779 0.04562946428571429
0.547 0.5605212216994166 0.047854910714285714
0.574 0.5509843703969669 0.048544642857142856
0.600 0.507219817919292 0.050671875
