0.100 1.2308952239542188 0.0006741071428571429
0.126 2.916954892721892 0.0009933035714285714
0.153 1.8710078520388147 0.0015669642857142857
0.179 2.2789634270108037 0.0037254464285714287
0.205 3.4011302366777043 0.009294642857142857
0.232 3.467704803321982 0.016348214285714285
0.258 5.405838802239278 0.0450625
0.284 5.4741322968601205 0.08303125
0.311 6.131478098341768 0.13744642857142858
0.337 6.074368731418398 0.19979464285714285
0.363 4.700925609085294 0.2700133928571429
0.389 3.4277904117842475 0.34240848214285713
0.416 2.420582772267832 0.39096205357142855
0.442 1.8872163495060514 0.4356316964285714
0.468 1.4272444148850258 0.4755513392857143
0.495 1.1045671685137777 0.5027276785714285
0.521 0.9171260595590945 0.5269799107142857
0.547 0.7549632261230126 0.5544196428571428
0.574 0.6147676220437269 0.5719017857142857
0.600 0.4997279972768128 0.5984397321428572
