0.100 1.5611781835981933 0.005799107142857143
0.126 1.4341459678863424 0.007127232142857143
0.153 1.4459320017575172 0.009772321428571429
0.179 1.5709474395324838 0.012138392857142856
0.205 1.752972413277513 0.018636160714285713
0.232 1.7941138351928874 0.024714285714285713
0.258 2.0602011236925373 0.034453125
0.284 2.0405376499380936 0.04503794642857143
0.311 1.83354710184198 0.05903125
0.337 1.73868662331793 0.07498214285714286
0.363 1.6577076790379794 0.08709821428571428
0.389 1.4162693426906325 0.10562723214285714
0.416 1.234422875295415 0.12314285714285714
0.442 1.1540710298971202 0.13622767857142856
0.468 1.0335799818471856 0.14588169642857143
0.495 0.9201933290792299 0.16197767857142858
0.521 0.8092473091356321 0.17325
0.547 0.7445246682879036 0.1850424107142857
0.574 0.6568610420498392 0.19827901785714286
0.600 0.6022300362925224 0.20650446428571428
