0.100 1.2350733705480772 0.0007991071428571429
0.126 2.427947621520789 0.0013214285714285715
0.153 1.9134416963490055 0.0018325892857142857
0.179 2.5786404539679393 0.003982142857142857
0.205 2.726726400549589 0.010071428571428571
0.232 3.128104418865703 0.01811830357142857
0.258 4.049919565859001 0.04484821428571428
0.284 5.035117224675951 0.07408482142857142
0.311 5.826126934590498 0.11818303571428572
0.337 5.839558766551094 0.17446875
0.363 4.723237989233641 0.23552901785714286
0.389 3.620051361129776 0.29482142857142857
0.416 2.7456905634643722 0.34663392857142855
0.442 2.0307038223477436 0.391
0.468 1.5976127367011306 0.432625
0.495 1.2020061639151545 0.46575446428571426
0.521 0.9895327547380991 0.49280357142857145
0.547 0.8650196717743736 0.5173392857142857
0.574 0.7076485817273834 0.5338705357142857
0.600 0.617802945419774 0.5519129464285715
