0.100 0.921414560329075 0.006662946428571429
0.126 0.9957826899332012 0.009029017857142857
0.153 0.9868512698075342 0.011319196428571428
0.179 0.8454629274404761 0.012995535714285715
0.205 0.8600557441367752 0.015283482142857142
0.232 0.8283383155294849 0.017953125
0.258 0.9019345393731371 0.020316964285714285
0.284 0.7956064007844154 0.02242857142857143
0.311 0.8097270112798617 0.024618303571428572
0.337 0.7683006298889489 0.026470982142857143
0.363 0.716996063274032 0.02831919642857143
0.389 0.7213042458969806 0.030004464285714287
0.416 0.6608506955609613 0.03149330357142857
0.442 0.6362632930955288 0.032875
0.468 0.6633165631001524 0.0344375
0.495 0.5661775159002469 0.03671428571428571
0.521 0.5517669491457158 0.03716517857142857
0.547 0.6014640283368925 0.03881919642857143
0.574 0.640866191150738 0.040350446428571426
0.600 0.5513763088087459 0.04153125
