0.100 1.0280969965354612 0.006895089285714286
0.126 0.8562428275559785 0.009261160714285715
0.153 0.9148335308641167 0.011477678571428571
0.179 1.028840030163918 0.014180803571428572
0.205 0.928367104201454 0.016495535714285713
0.232 0.9176927804388038 0.018433035714285714
0.258 0.8230474181848234 0.021223214285714286
0.284 0.8304419521422783 0.02371875
0.311 0.7254162777330461 0.025939732142857143
0.337 0.7590468621888112 0.028747767857142857
0.363 0.742283855870539 0.030314732142857143
0.389 0.6927557909322635 0.03174330357142857
0.416 0.655641235254914 0.033477678571428575
0.442 0.6664207746005485 0.03564508928571428
0.468 0.6135203787235907 0.03660044642857143
0.495 0.6389772430273943 0.0385625
0.521 0.5723628577361498 0.03992410714285714
0.547 0.6098614597386529 0.040625
0.574 0.5842339098506261 0.04252455357142857
0.600 0.5301292376367136 0.04452678571428571
