0.100 0.8154114986812796 0.006104910714285715
0.126 0.8989616181762123 0.008274553571428572
0.153 0.9640383723188553 0.010520089285714285
0.179 0.8715893782654845 0.012276785714285714
0.205 0.849679509516591 0.014252232142857143
0.232 0.9030100287544017 0.017091517857142857
0.258 0.8827139679085876 0.018863839285714286
0.284 0.8141349884876331 0.020185267857142856
0.311 0.7925241373073512 0.022439732142857143
0.337 0.7546540232856519 0.023928571428571428
0.363 0.7313394665900415 0.025674107142857144
0.389 0.728276213924495 0.027986607142857143
0.416 0.7212962406097823 0.029475446428571427
0.442 0.7197701980303755 0.030919642857142857
0.468 0.6319722355843682 0.03224553571428571
0.495 0.5958212409195417 0.03364732142857143
0.521 0.6020206424928675 0.03549107142857143
0.547 0.6077999613803601 0.03580357142857143
0.574 0.5659648732127375 0.037455357142857144
0.600 0.5801733701054849 0.03830357142857143
