0.100 1.5917197735607402 0.00099609375
0.126 1.4925183727994147 0.001388671875
0.153 1.6050761677115835 0.002259765625
0.179 2.476556850699603 0.004501953125
0.205 3.6173175556599086 0.010232421875
0.232 3.9859058602830104 0.020662109375
0.258 5.328947728647742 0.0396796875
0.284 6.368575730553655 0.082263671875
0.311 7.681050383885545 0.14887890625
0.337 7.313303126755341 0.222599609375
0.363 5.17953084523191 0.311486328125
0.389 3.956613553314836 0.368390625
0.416 2.6254714737347533 0.429234375
0.442 1.7965623293480637 0.470126953125
0.468 1.3550330610354429 0.511041015625
0.495 1.0405035037657169 0.54125390625
0.521 0.8364662235294076 0.57078125
0.547 0.6801064148322645 0.589
0.574 0.5214950772863579 0.610873046875
0.600 0.4442970171402804 0.627115234375
