0.100 1.1826806724155148 0.001380859375
0.126 2.4968782354223515 0.002111328125
0.153 2.4268843854943185 0.00273828125
0.179 2.8995612791347405 0.00479296875
0.205 2.8448905446459496 0.007388671875
0.232 3.297055055809123 0.016375
0.258 3.5330009260350925 0.028609375
0.284 4.712546370921913 0.054333984375
0.311 5.084358752940164 0.0808046875
0.337 5.916105893940283 0.125228515625
0.363 4.498510880434151 0.180888671875
0.389 3.9044936015547447 0.225259765625
0.416 3.3259445190701604 0.269517578125
0.442 2.441230696927618 0.319693359375
0.468 2.0399379209834225 0.351666015625
0.495 1.5348925086615397 0.383794921875
0.521 1.2113851277100092 0.416740234375
0.547 1.0629596480330354 0.43531640625
0.574 0.8388071445945997 0.4622265625
0.600 0.7246652063603878 0.478474609375
