0.100 39.72566882385653 0.000880859375
0.126 4.403799249999966 0.00096484375
0.153 4.558234553310866 0.005072265625
0.179 3.14919067577204 0.00987109375
0.205 4.317605087651604 0.015291015625
0.232 12.797928962059876 0.093232421875
0.258 20.451047005864716 0.285052734375
0.284 7.323022496865585 0.531669921875
0.311 4.25334184722855 0.643607421875
0.337 2.0252715889576716 0.710921875
0.363 1.1184652092003335 0.757044921875
0.389 0.631401712284356 0.794130859375
0.416 0.42313130777655816 0.817189453125
0.442 0.3639519688012345 0.8323828125
0.468 0.27086218696263326 0.84555859375
0.495 0.18678539963851729 0.862619140625
0.521 0.16963673867623266 0.867853515625
0.547 0.1339857197099797 0.878060546875
0.574 0.11320828665706237 0.88409375
0.600 0.09620174547442747 0.891185546875
