0.100 8.620357688650415 0.003916015625
0.126 1.315621310625257 0.004376953125
0.153 2.0852271816520025 0.005689453125
0.179 2.218438407067391 0.007296875
0.205 3.6540344149318016 0.011951171875
0.232 3.61647444978164 0.015197265625
0.258 2.7636314604518493 0.02756640625
0.284 2.179504359264975 0.04028515625
0.311 2.323752331201213 0.05212890625
0.337 1.9320529522796257 0.0645078125
0.363 1.5614143536136689 0.08124609375
0.389 1.593128953771642 0.09333203125
0.416 1.3756092110374056 0.106337890625
0.442 1.2363009313246418 0.1209296875
0.468 1.1242390857128874 0.1352578125
0.495 0.9996314319801026 0.1476328125
0.521 0.8826819428488967 0.15621484375
0.547 0.7774579118620709 0.170423828125
0.574 0.6978558698314385 0.17675
0.600 0.6676245668617922 0.18998046875
