0.100 1.1805297463915565 0.0011484375
0.126 1.3498201046481058 0.001787109375
0.153 1.769207837129293 0.002474609375
0.179 2.649970689482149 0.005037109375
0.205 2.8681301962291883 0.008576171875
0.232 3.5260924965512044 0.017560546875
0.258 4.134838700856204 0.030529296875
0.284 4.373141954448351 0.05568359375
0.311 4.819562215999568 0.089724609375
0.337 5.903884641004702 0.13518359375
0.363 5.196355712913657 0.1895859375
0.389 4.127711135927349 0.249078125
0.416 3.3167255420764974 0.292068359375
0.442 2.4925303405911254 0.345720703125
0.468 1.9311225042555762 0.383458984375
0.495 1.484440640961952 0.41337890625
0.521 1.2279408391975832 0.446212890625
0.547 0.9326230402945213 0.469404296875
0.574 0.7844539459302965 0.4936015625
0.600 0.6704819597986433 0.510392578125
