0.100 2.866815505039 0.0008828125
0.126 10.981861070788337 0.001353515625
0.153 1.8464447471740164 0.001671875
0.179 2.4412508890117586 0.004615234375
0.205 3.168866495870528 0.015396484375
0.232 4.524496411343961 0.032130859375
0.258 10.939537938146469 0.10987890625
0.284 15.393495644681117 0.20346484375
0.311 10.620260761268371 0.380458984375
0.337 5.4672119827831125 0.489763671875
0.363 2.1655857588613348 0.589615234375
0.389 1.5029585921345576 0.636333984375
0.416 0.9882463249182948 0.679751953125
0.442 0.7599000561808641 0.707564453125
0.468 0.5268320531624433 0.735041015625
0.495 0.4007155877894654 0.755849609375
0.521 0.33102296221952865 0.768783203125
0.547 0.25858426327995876 0.785234375
0.574 0.22159183190838672 0.797046875
0.600 0.18929545049049828 0.806212890625
