0.100 2.465884404269758 0.00094140625
0.126 4.828997501143016 0.00162890625
0.153 1.5741977645241252 0.002236328125
0.179 1.7011409154833221 0.003943359375
0.205 2.6761331493474585 0.008666015625
0.232 3.2089198411068978 0.017375
0.258 4.521582827592717 0.03990625
0.284 5.738602334465393 0.069095703125
0.311 6.698746724748847 0.119904296875
0.337 6.236142504898633 0.171703125
0.363 5.230888628397927 0.263177734375
0.389 4.302039738407088 0.310455078125
0.416 2.879578412063054 0.37417578125
0.442 2.1601149477424806 0.420720703125
0.468 1.5796045719072815 0.4576640625
0.495 1.3924179080031187 0.488228515625
0.521 0.9438121451703972 0.522630859375
0.547 0.7669057347967827 0.54759375
0.574 0.6594670904620289 0.563041015625
0.600 0.5271296151777715 0.583958984375
