0.100 5.789665983700232 0.000849609375
0.126 1.5312925001517608 0.00135546875
0.153 7.972978651991478 0.0019453125
0.179 2.4423090888415095 0.003578125
0.205 3.3945847819592103 0.011578125
0.232 4.313429286615339 0.024787109375
0.258 5.879914528869006 0.06015234375
0.284 10.841169735695427 0.1387421875
0.311 10.595544950261846 0.244671875
0.337 5.900683903615972 0.378982421875
0.363 4.442585800318957 0.447169921875
0.389 2.320989894586044 0.527033203125
0.416 1.5809605011530126 0.571912109375
0.442 1.1328066585801233 0.611740234375
0.468 0.801281232699026 0.640748046875
0.495 0.6494278333633597 0.671244140625
0.521 0.5113768202905425 0.688380859375
0.547 0.3928511123394384 0.7092578125
0.574 0.32689952374680337 0.723486328125
0.600 0.2751291944732526 0.735912109375
