0.100 36.327524969379255 0.001205078125
0.126 4.418315498053984 0.0013984375
0.153 2.2086471554940967 0.002548828125
0.179 2.5809206874126684 0.00372265625
0.205 2.875332755073952 0.009365234375
0.232 4.4124361986581215 0.021240234375
0.258 5.818018706281937 0.0517578125
0.284 7.660001102775166 0.09637109375
0.311 9.049564381284549 0.171216796875
0.337 7.342156237046852 0.2621640625
0.363 5.185900732877163 0.36523046875
0.389 3.473009700639005 0.431427734375
0.416 2.3262438645219854 0.48793359375
0.442 1.5969382596800639 0.5333984375
0.468 1.1775127195083315 0.56801171875
0.495 0.8997331149114098 0.59962109375
0.521 0.6854792676245168 0.62107421875
0.547 0.5317203689799707 0.646177734375
0.574 0.4445581968935719 0.661138671875
0.600 0.3886863516592764 0.67705859375
