0.100 3.63338990009332 0.001171875
0.126 1.2051109890493306 0.001568359375
0.153 1.7202751115759776 0.002109375
0.179 2.140038879153197 0.004021484375
0.205 2.9619318804522097 0.00855078125
0.232 3.6989281437030943 0.017529296875
0.258 3.6096107957110797 0.032416015625
0.284 4.997323782220166 0.06128515625
0.311 5.678176102615398 0.096794921875
0.337 6.135258331543437 0.155162109375
0.363 5.202390831504304 0.223791015625
0.389 4.254196526546977 0.275455078125
0.416 3.2603171866405978 0.332943359375
0.442 2.369199870458785 0.376416015625
0.468 1.7624683273945216 0.41715625
0.495 1.2769844976109541 0.456732421875
0.521 1.046274371719071 0.481037109375
0.547 0.9038126180609962 0.503359375
0.574 0.7069241617688836 0.527365234375
0.600 0.5837612792308365 0.5485234375
