1 1.324865872625888e-09 1.3248658725741954e-09 3.8061756061076065e-06 3.806175606123772e-06 1.7021734779116144e-05 1.702173477918844e-05 3.217338057673324e-05 3.217338057589165e-05 0.12946557998657227
2 1.3248658725741954e-09 1.3248658725215271e-09 3.806175606123772e-06 3.8061756061354434e-06 1.702173477918844e-05 1.7021734779240635e-05 3.217338057589165e-05 3.217338057504553e-05 0.12804055213928223
3 1.3248658725215271e-09 1.324865872468458e-09 3.8061756061354434e-06 3.806175606146737e-06 1.7021734779240635e-05 1.702173477929114e-05 3.217338057504553e-05 3.217338057419407e-05 0.13195013999938965
4 1.3248658724684581e-09 1.3248658724180714e-09 3.806175606146737e-06 3.8061756061632333e-06 1.702173477929114e-05 1.7021734779364915e-05 3.217338057419407e-05 3.217338057337199e-05 0.14488530158996582
5 1.3248658724180714e-09 1.3248658723653496e-09 3.8061756061632333e-06 3.806175606174177e-06 1.7021734779364915e-05 1.7021734779413856e-05 3.217338057337199e-05 3.217338057252676e-05 0.12708830833435059
6 1.3248658723653496e-09 1.3248658723133948e-09 3.806175606174177e-06 3.806175606190673e-06 1.7021734779413856e-05 1.702173477948763e-05 3.217338057252676e-05 3.2173380571680315e-05 0.12755250930786133
7 1.3248658723133948e-09 1.3248658722609685e-09 3.806175606190672e-06 3.8061756061985863e-06 1.7021734779487626e-05 1.702173477952302e-05 3.2173380571680315e-05 3.217338057084684e-05 0.12446212768554688
8 1.3248658722609683e-09 1.3248658722103052e-09 3.8061756061985863e-06 3.8061756062098595e-06 1.702173477952302e-05 1.7021734779573434e-05 3.217338057084684e-05 3.217338057003282e-05 0.13768577575683594
9 1.3248658722103052e-09 1.324865872157791e-09 3.8061756062098595e-06 3.8061756062192476e-06 1.7021734779573434e-05 1.702173477961542e-05 3.217338057003282e-05 3.21733805691945e-05 0.13622307777404785
10 1.324865872157791e-09 1.3248658721054433e-09 3.8061756062192476e-06 3.8061756062305424e-06 1.702173477961542e-05 1.702173477966593e-05 3.21733805691945e-05 3.217338056835425e-05 0.13590002059936523
11 1.3248658721054433e-09 1.3248658720526512e-09 3.8061756062305424e-06 3.8061756062470383e-06 1.702173477966593e-05 1.7021734779739703e-05 3.217338056835425e-05 3.2173380567494786e-05 0.14630579948425293
