        0.4000000000          0.1152796324          0.3036250000
        0.4222222222          0.1219589066          0.3096875000
        0.4444444444          0.1151557853          0.3268750000
        0.4666666667          0.1152950552          0.3322500000
        0.4888888889          0.0995233158          0.3261250000
        0.5111111111          0.0990977636          0.3271250000
        0.5333333333          0.0923680157          0.3312500000
        0.5555555556          0.0845301674          0.3313750000
        0.5777777778          0.1022118589          0.3455625000
        0.6000000000          0.0997455452          0.3461250000
